time (us), tick speed, set point
left motor

11153428.00, 0.00, 0.00
11161440.00, 0.00, 0.00
11169448.00, 0.00, 0.00
11177452.00, 0.00, 0.00
11185464.00, 0.00, 0.00
11193472.00, 0.00, 0.00
11201484.00, 0.00, 0.00
11209488.00, 0.00, 0.00
11217496.00, 0.00, 0.00
11225504.00, 0.00, 0.00
11233516.00, 0.00, 0.00
11241524.00, 0.00, 0.00
11249532.00, 0.00, 0.00
11257540.00, 0.00, 0.00
11265548.00, 0.00, 0.00
11273556.00, 0.00, 0.00
11281564.00, 0.00, 0.00
11289572.00, 0.00, 0.00
11297580.00, 0.00, 0.00
11305588.00, 0.00, 0.00
11313596.00, 0.00, 0.00
11321604.00, 0.00, 0.00
11329612.00, 0.00, 0.00
11337620.00, 0.00, 0.00
11345624.00, 0.00, 0.00
11353632.00, 0.00, 0.00
11361640.00, 0.00, 0.00
11369648.00, 0.00, 0.00
11377656.00, 0.00, 0.00
11385664.00, 0.00, 0.00
11393672.00, 0.00, 0.00
11401680.00, 0.00, 0.00
11409688.00, 0.00, 0.00
11417696.00, 0.00, 0.00
11425704.00, 0.00, 0.00
11433712.00, 0.00, 0.00
11441720.00, 0.00, 0.00
11449732.00, 0.00, 0.00
11457740.00, 0.00, 0.00
11465748.00, 0.00, 0.00
11473760.00, 0.00, 0.00
11481764.00, 0.00, 0.00
11489772.00, 0.00, 0.00
11497780.00, 0.00, 0.00
11505788.00, 0.00, 0.00
11513796.00, 0.00, 0.00
11521804.00, 0.00, 0.00
11529812.00, 0.00, 0.00
11537820.00, 0.00, 0.00
11545828.00, 0.00, 0.00
11553836.00, 0.00, 0.00
11561844.00, 0.00, 0.00
11569848.00, 0.00, 0.00
11577860.00, 0.00, 0.00
11585868.00, 0.00, 0.00
11593876.00, 0.00, 0.00
11601884.00, 0.00, 0.00
11609892.00, 0.00, 0.00
11617900.00, 0.00, 0.00
11625908.00, 0.00, 0.00
11633916.00, 0.00, 0.00
11641924.00, 0.00, 0.00
11649932.00, 0.00, 0.00
11657940.00, 0.00, 0.00
11665948.00, 0.00, 0.00
11673956.00, 0.00, 0.00
11681964.00, 0.00, 0.00
11689972.00, 0.00, 0.00
11697980.00, 0.00, 0.00
11705988.00, 0.00, 0.00
11713996.00, 0.00, 0.00
11722004.00, 0.00, 0.00
11730012.00, 0.00, 0.00
11738020.00, 0.00, 0.00
11746028.00, 0.00, 0.00
11754036.00, 0.00, 0.00
11762044.00, 0.00, 0.00
11770052.00, 0.00, 0.00
11778064.00, 0.00, 0.00
11786072.00, 0.00, 0.00
11794080.00, 0.00, 0.00
11802088.00, 0.00, 0.00
11810096.00, 0.00, 0.00
11818104.00, 0.00, 0.00
11826112.00, 0.00, 0.00
12833948.00, 0.00, 500.00
12841960.00, 0.00, 500.00
12849968.00, 0.00, 500.00
12857972.00, 499.75, 500.00
12865984.00, 998.50, 500.00
12873992.00, 1373.63, 500.00
12882020.00, 1743.90, 500.00
12890028.00, 2122.88, 500.00
12898032.00, 2123.94, 500.00
12906044.00, 2246.63, 500.00
12914056.00, 2371.44, 500.00
12922064.00, 2497.50, 500.00
12930072.00, 2497.50, 500.00
12938080.00, 2622.38, 500.00
12946092.00, 2621.07, 500.00
12954100.00, 2747.25, 500.00
12962108.00, 2747.25, 500.00
12970112.00, 2748.63, 500.00
12978124.00, 2870.69, 500.00
12986136.00, 2995.51, 500.00
12994144.00, 2872.13, 500.00
13002156.00, 2995.51, 500.00
13010160.00, 2998.50, 500.00
13018168.00, 2997.00, 500.00
13026176.00, 2997.00, 500.00
13034188.00, 3120.32, 500.00
13042196.00, 3121.88, 500.00
13050228.00, 3237.05, 500.00
13058256.00, 3114.10, 500.00
13066264.00, 3371.63, 500.00
13074268.00, 3248.38, 500.00
13082276.00, 3371.63, 500.00
13090288.00, 3494.76, 500.00
13098292.00, 3373.31, 500.00
13106300.00, 3496.50, 500.00
13114304.00, 3498.25, 500.00
13122312.00, 3496.50, 500.00
13130348.00, 3608.76, 500.00
13138356.00, 3496.50, 500.00
13146360.00, 3623.19, 500.00
13154364.00, 3623.19, 500.00
13162372.00, 3621.38, 500.00
13170380.00, 3746.25, 500.00
13178384.00, 3623.19, 500.00
13186396.00, 3744.38, 500.00
13194404.00, 3746.25, 500.00
13202412.00, 3621.38, 500.00
13210420.00, 3746.25, 500.00
13218428.00, 3746.25, 500.00
13226432.00, 3748.13, 500.00
13234440.00, 3746.25, 500.00
13242444.00, 3748.13, 500.00
13250452.00, 3746.25, 500.00
13258460.00, 3621.38, 500.00
13266468.00, 3746.25, 500.00
13274476.00, 3746.25, 500.00
13282480.00, 3873.06, 500.00
13290520.00, 3855.72, 500.00
13298528.00, 3871.13, 500.00
13306536.00, 3871.13, 500.00
13314544.00, 3871.13, 500.00
13322552.00, 3996.00, 500.00
13330560.00, 3871.13, 500.00
13338568.00, 3871.13, 500.00
13346576.00, 3996.00, 500.00
13354600.00, 3988.04, 500.00
13362612.00, 3869.20, 500.00
13370616.00, 3998.00, 500.00
13378624.00, 3996.00, 500.00
13386632.00, 3996.00, 500.00
13394644.00, 3994.01, 500.00
13402648.00, 3998.00, 500.00
13410656.00, 3996.00, 500.00
13418660.00, 3998.00, 500.00
13426668.00, 3871.13, 500.00
13434676.00, 3996.00, 500.00
13442688.00, 3869.20, 500.00
13450696.00, 3996.00, 500.00
13458708.00, 3869.20, 500.00
13466716.00, 3871.13, 500.00
13474728.00, 3869.20, 500.00
13482736.00, 3996.00, 500.00
13490744.00, 3871.13, 500.00
13498752.00, 4120.88, 500.00
13506756.00, 3998.00, 500.00
13514788.00, 4108.57, 500.00
13522792.00, 3998.00, 500.00
13530800.00, 4120.88, 500.00
13538816.00, 4116.77, 500.00
13546820.00, 3998.00, 500.00
13554828.00, 4120.88, 500.00
13562832.00, 4122.94, 500.00
13570844.00, 4118.82, 500.00
13578852.00, 4120.88, 500.00
13586864.00, 4118.82, 500.00
13594876.00, 4118.82, 500.00
13602892.00, 4116.77, 500.00
13610916.00, 4112.66, 500.00
13618924.00, 3996.00, 500.00
13626936.00, 4118.82, 500.00
13634940.00, 3998.00, 500.00
13642948.00, 4120.88, 500.00
13650964.00, 3992.02, 500.00
13658996.00, 3984.06, 500.00
13667008.00, 3994.01, 500.00
13675020.00, 3994.01, 500.00
13683032.00, 3994.01, 500.00
13691036.00, 4122.94, 500.00
13699040.00, 4122.94, 500.00
13707052.00, 4118.82, 500.00
13715056.00, 4122.94, 500.00
13723064.00, 4120.88, 500.00
13731068.00, 4122.94, 500.00
13739100.00, 4233.07, 500.00
13747108.00, 4120.88, 500.00
13755120.00, 4118.82, 500.00
13763148.00, 4235.18, 500.00
13771152.00, 4122.94, 500.00
13779160.00, 4120.88, 500.00
13787164.00, 4247.88, 500.00
13795168.00, 4122.94, 500.00
13803176.00, 4120.88, 500.00
13811180.00, 4122.94, 500.00
13819188.00, 4120.88, 500.00
13827192.00, 4122.94, 500.00
13835200.00, 4120.88, 500.00
13843208.00, 3996.00, 500.00
13851220.00, 3994.01, 500.00
13859228.00, 3996.00, 500.00
13867236.00, 4120.88, 500.00
13875240.00, 3998.00, 500.00
13883252.00, 4118.82, 500.00
13891260.00, 4120.88, 500.00
13899272.00, 4118.82, 500.00
13907280.00, 4245.75, 500.00
13915288.00, 4120.88, 500.00
13923296.00, 4245.75, 500.00
13931308.00, 4118.82, 500.00
13939316.00, 4120.88, 500.00
13947320.00, 4247.88, 500.00
13955332.00, 4118.82, 500.00
13963344.00, 4243.63, 500.00
13971348.00, 4122.94, 500.00
13979356.00, 4120.88, 500.00
13987392.00, 4230.96, 500.00
13995404.00, 4118.82, 500.00
14003408.00, 4122.94, 500.00
14011416.00, 4120.88, 500.00
14019420.00, 4122.94, 500.00
14027424.00, 3998.00, 500.00
14035436.00, 4118.82, 500.00
14043444.00, 3996.00, 500.00
14051448.00, 3998.00, 500.00
14059456.00, 3996.00, 500.00
14067460.00, 4122.94, 500.00
14075496.00, 4106.52, 500.00
14083516.00, 4114.71, 500.00
14091524.00, 4120.88, 500.00
14099532.00, 4120.88, 500.00
14107540.00, 4120.88, 500.00
14115544.00, 4247.88, 500.00
14123556.00, 4118.82, 500.00
14131564.00, 4120.88, 500.00
14139576.00, 4118.82, 500.00
14147592.00, 4241.52, 500.00
14155600.00, 4245.75, 500.00
14163608.00, 4120.88, 500.00
14171620.00, 4243.63, 500.00
14179632.00, 4118.82, 500.00
14187640.00, 4245.75, 500.00
14195648.00, 4120.88, 500.00
14203656.00, 4245.75, 500.00
14211668.00, 4118.82, 500.00
14219676.00, 4120.88, 500.00
14227684.00, 4120.88, 500.00
14235688.00, 3998.00, 500.00
14243700.00, 4118.82, 500.00
14251708.00, 3996.00, 500.00
14259716.00, 4120.88, 500.00
14267748.00, 3984.06, 500.00
14275752.00, 4247.88, 500.00
14283756.00, 4122.94, 500.00
14291764.00, 4120.88, 500.00
14299772.00, 4245.75, 500.00
14307776.00, 4122.94, 500.00
14315784.00, 4120.88, 500.00
14323792.00, 4245.75, 500.00
14331796.00, 4122.94, 500.00
14339808.00, 4243.63, 500.00
14347820.00, 4243.63, 500.00
14355832.00, 4118.82, 500.00
14363840.00, 4245.75, 500.00
14371856.00, 4116.77, 500.00
14379868.00, 4243.63, 500.00
14387880.00, 4118.82, 500.00
14395888.00, 4120.88, 500.00
14403896.00, 4120.88, 500.00
14411904.00, 4120.88, 500.00
14419912.00, 4120.88, 500.00
14427920.00, 4120.88, 500.00
14435928.00, 3996.00, 500.00
14443932.00, 4122.94, 500.00
14451944.00, 3994.01, 500.00
14459948.00, 4122.94, 500.00
14467972.00, 4237.29, 500.00
14475976.00, 4122.94, 500.00
14484008.00, 4233.07, 500.00
14492012.00, 4122.94, 500.00
14500020.00, 4245.75, 500.00
14508028.00, 4120.88, 500.00
14516036.00, 4245.75, 500.00
14524044.00, 4120.88, 500.00
14532052.00, 4245.75, 500.00
14540060.00, 4245.75, 500.00
14548072.00, 4118.82, 500.00
14556076.00, 4247.88, 500.00
14564084.00, 4245.75, 500.00
14572116.00, 4233.07, 500.00
14580120.00, 4122.94, 500.00
14588128.00, 4120.88, 500.00
14596132.00, 4122.94, 500.00
14604140.00, 4120.88, 500.00
14612152.00, 4118.82, 500.00
14620160.00, 4120.88, 500.00
14628168.00, 3996.00, 500.00
14636176.00, 4120.88, 500.00
14644184.00, 3996.00, 500.00
14652192.00, 4120.88, 500.00
14660196.00, 4122.94, 500.00
14668204.00, 4120.88, 500.00
14676212.00, 4245.75, 500.00
14684220.00, 4120.88, 500.00
14692228.00, 4245.75, 500.00
14700232.00, 4122.94, 500.00
14708240.00, 4245.75, 500.00
14716248.00, 4245.75, 500.00
14724256.00, 4245.75, 500.00
14732260.00, 4247.88, 500.00
14740272.00, 4243.63, 500.00
14748276.00, 4122.94, 500.00
14756284.00, 4245.75, 500.00
14764292.00, 4245.75, 500.00
14772300.00, 4120.88, 500.00
14780316.00, 4241.52, 500.00
14788328.00, 4118.82, 500.00
14796340.00, 4118.82, 500.00
14804348.00, 4120.88, 500.00
14812360.00, 4118.82, 500.00
14820388.00, 4110.61, 500.00
14828392.00, 3998.00, 500.00
14836404.00, 4118.82, 500.00
14844416.00, 4118.82, 500.00
14852424.00, 4120.88, 500.00
14860432.00, 4245.75, 500.00
14868436.00, 4122.94, 500.00
14876448.00, 4243.63, 500.00
14884452.00, 4247.88, 500.00
14892460.00, 4120.88, 500.00
14900464.00, 4247.88, 500.00
14908484.00, 4239.40, 500.00
14916492.00, 4245.75, 500.00
14924500.00, 4245.75, 500.00
15927452.00, 4163.71, -500.00
15935464.00, 4118.82, -500.00
15943468.00, 3998.00, -500.00
15951472.00, 3373.31, -500.00
15959484.00, 1747.38, -500.00
15967492.00, 0.00, -500.00
15975496.00, -999.50, -500.00
15983508.00, -1248.13, -500.00
15991516.00, -1623.38, -500.00
15999524.00, -1998.00, -500.00
16007532.00, -2247.75, -500.00
16015540.00, -2372.63, -500.00
16023544.00, -2498.75, -500.00
16031572.00, -2615.84, -500.00
16039584.00, -2496.26, -500.00
16047592.00, -2622.38, -500.00
16055604.00, -2745.88, -500.00
16063612.00, -2747.25, -500.00
16071620.00, -2747.25, -500.00
16079628.00, -2747.25, -500.00
16087636.00, -2997.00, -500.00
16095644.00, -2872.13, -500.00
16103652.00, -2997.00, -500.00
16111660.00, -3121.88, -500.00
16119668.00, -3121.88, -500.00
16127676.00, -3121.88, -500.00
16135680.00, -3123.44, -500.00
16143692.00, -3120.32, -500.00
16151700.00, -3246.75, -500.00
16159708.00, -3246.75, -500.00
16167716.00, -3371.63, -500.00
16175728.00, -3369.94, -500.00
16183736.00, -3371.63, -500.00
16191744.00, -3371.63, -500.00
16199764.00, -3491.27, -500.00
16207768.00, -3373.31, -500.00
16215780.00, -3494.76, -500.00
16223788.00, -3496.50, -500.00
16231796.00, -3371.63, -500.00
16239804.00, -3496.50, -500.00
16247820.00, -3493.01, -500.00
16255828.00, -3496.50, -500.00
16263840.00, -3494.76, -500.00
16271848.00, -3621.38, -500.00
16279856.00, -3621.38, -500.00
16287864.00, -3621.38, -500.00
16295872.00, -3746.25, -500.00
16303880.00, -3746.25, -500.00
16311888.00, -3746.25, -500.00
16319912.00, -3863.41, -500.00
16327920.00, -3746.25, -500.00
16335932.00, -3869.20, -500.00
16343936.00, -3873.06, -500.00
16351944.00, -3871.13, -500.00
16359948.00, -3873.06, -500.00
16367956.00, -3871.13, -500.00
16375988.00, -3859.56, -500.00
16384032.00, -3729.49, -500.00
16392036.00, -3998.00, -500.00
16400044.00, -3871.13, -500.00
16408052.00, -3871.13, -500.00
16416064.00, -3869.20, -500.00
16424072.00, -3996.00, -500.00
16432084.00, -3869.20, -500.00
16440092.00, -3871.13, -500.00
16448128.00, -3857.64, -500.00
16456132.00, -3748.13, -500.00
16464136.00, -3873.06, -500.00
16472144.00, -3871.13, -500.00
16480156.00, -3869.20, -500.00
16488164.00, -3996.00, -500.00
16496176.00, -3994.01, -500.00
16504184.00, -3996.00, -500.00
16512196.00, -3994.01, -500.00
16520204.00, -3996.00, -500.00
16528216.00, -4118.82, -500.00
16536236.00, -4114.71, -500.00
16544240.00, -4122.94, -500.00
16552244.00, -3998.00, -500.00
16560248.00, -4122.94, -500.00
16568260.00, -4118.82, -500.00
16576272.00, -3994.01, -500.00
16584284.00, -4118.82, -500.00
16592292.00, -4120.88, -500.00
16600300.00, -3996.00, -500.00
16608304.00, -4122.94, -500.00
16616312.00, -4120.88, -500.00
16624320.00, -3996.00, -500.00
16632332.00, -4118.82, -500.00
16640344.00, -3994.01, -500.00
16648348.00, -3998.00, -500.00
16656356.00, -3871.13, -500.00
16664360.00, -3998.00, -500.00
16672364.00, -3998.00, -500.00
16680372.00, -3996.00, -500.00
16688376.00, -4122.94, -500.00
16696400.00, -4112.66, -500.00
16704408.00, -4120.88, -500.00
16712412.00, -4122.94, -500.00
16720420.00, -4120.88, -500.00
16728456.00, -4230.96, -500.00
16736468.00, -4118.82, -500.00
16744476.00, -4245.75, -500.00
16752480.00, -4122.94, -500.00
16760488.00, -4120.88, -500.00
16768520.00, -4233.07, -500.00
16776536.00, -4116.77, -500.00
16784544.00, -4120.88, -500.00
16792552.00, -4120.88, -500.00
16800556.00, -4122.94, -500.00
16808564.00, -4120.88, -500.00
16816568.00, -4122.94, -500.00
16824576.00, -4120.88, -500.00
16832584.00, -4120.88, -500.00
16840592.00, -3996.00, -500.00
16848596.00, -3998.00, -500.00
16856632.00, -4106.52, -500.00
16864644.00, -3994.01, -500.00
16872652.00, -4120.88, -500.00
16880664.00, -4118.82, -500.00
16888672.00, -4120.88, -500.00
16896700.00, -4235.18, -500.00
16904708.00, -4120.88, -500.00
16912712.00, -4247.88, -500.00
16920716.00, -4122.94, -500.00
16928720.00, -4247.88, -500.00
16936728.00, -4245.75, -500.00
16944732.00, -4247.88, -500.00
16952744.00, -4118.82, -500.00
16960752.00, -4245.75, -500.00
16968760.00, -4120.88, -500.00
16976764.00, -4122.94, -500.00
16984768.00, -4247.88, -500.00
16992776.00, -4120.88, -500.00
17000780.00, -4247.88, -500.00
17008784.00, -4122.94, -500.00
17016796.00, -4243.63, -500.00
17024808.00, -3994.01, -500.00
17032816.00, -4120.88, -500.00
17040852.00, -4106.52, -500.00
17048864.00, -3994.01, -500.00
17056876.00, -3994.01, -500.00
17064884.00, -4120.88, -500.00
17072896.00, -4118.82, -500.00
17080900.00, -4122.94, -500.00
17088904.00, -4247.88, -500.00
17096912.00, -4245.75, -500.00
17104940.00, -4235.18, -500.00
17112944.00, -4122.94, -500.00
17120956.00, -4243.63, -500.00
17128968.00, -4243.63, -500.00
17136976.00, -4245.75, -500.00
17144984.00, -4245.75, -500.00
17152992.00, -4120.88, -500.00
17161004.00, -4243.63, -500.00
17169012.00, -4120.88, -500.00
17177020.00, -4245.75, -500.00
17185024.00, -4247.88, -500.00
17193028.00, -4122.94, -500.00
17201036.00, -4245.75, -500.00
17209044.00, -4120.88, -500.00
17217076.00, -4233.07, -500.00
17225084.00, -3996.00, -500.00
17233088.00, -4122.94, -500.00
17241104.00, -3992.02, -500.00
17249108.00, -4122.94, -500.00
17257120.00, -4118.82, -500.00
17265132.00, -4118.82, -500.00
17273140.00, -4120.88, -500.00
17281152.00, -4243.63, -500.00
17289156.00, -4247.88, -500.00
17297160.00, -4247.88, -500.00
17305172.00, -4243.63, -500.00
17313200.00, -4235.18, -500.00
17321216.00, -4241.52, -500.00
17329228.00, -4118.82, -500.00
17337232.00, -4247.88, -500.00
17345236.00, -4247.88, -500.00
17353244.00, -4120.88, -500.00
17361256.00, -4243.63, -500.00
17369288.00, -4233.07, -500.00
17377296.00, -4120.88, -500.00
17385304.00, -4245.75, -500.00
17393332.00, -4235.18, -500.00
17401336.00, -4122.94, -500.00
17409348.00, -4118.82, -500.00
17417356.00, -4120.88, -500.00
17425364.00, -3996.00, -500.00
17433384.00, -4114.71, -500.00
17441392.00, -3996.00, -500.00
17449396.00, -4122.94, -500.00
17457404.00, -4120.88, -500.00
17465412.00, -4245.75, -500.00
17473416.00, -4247.88, -500.00
17481424.00, -4245.75, -500.00
17489432.00, -4245.75, -500.00
17497440.00, -4245.75, -500.00
17505444.00, -4247.88, -500.00
17513452.00, -4245.75, -500.00
17521460.00, -4245.75, -500.00
17529468.00, -4120.88, -500.00
17537472.00, -4247.88, -500.00
17545480.00, -4245.75, -500.00
17553516.00, -4230.96, -500.00
17561520.00, -4122.94, -500.00
17569528.00, -4245.75, -500.00
17577540.00, -4243.63, -500.00
18582676.00, -4177.54, 0.00
18590684.00, -3996.00, 0.00
18598692.00, -4120.88, 0.00
18606696.00, -3998.00, 0.00
18614708.00, -4118.82, 0.00
18622716.00, -3996.00, 0.00
18630724.00, -4120.88, 0.00
18638732.00, -3996.00, 0.00
18646736.00, -3998.00, 0.00
18654764.00, -3861.48, 0.00
18662772.00, -3746.25, 0.00
18670780.00, -3621.38, 0.00
18678792.00, -3619.57, 0.00
18686800.00, -3496.50, 0.00
18694808.00, -3371.63, 0.00
18702816.00, -3371.63, 0.00
18710820.00, -3248.38, 0.00
18718832.00, -3120.32, 0.00
18726836.00, -3248.38, 0.00
18734840.00, -2998.50, 0.00
18742848.00, -2997.00, 0.00
18750856.00, -2997.00, 0.00
18758868.00, -2745.88, 0.00
18766872.00, -2748.63, 0.00
18774876.00, -2748.63, 0.00
18782884.00, -2622.38, 0.00
18790916.00, -2614.54, 0.00
18798948.00, -2490.04, 0.00
18806956.00, -2372.63, 0.00
18814964.00, -2372.63, 0.00
18822972.00, -2372.63, 0.00
18830980.00, -2372.63, 0.00
18838988.00, -2247.75, 0.00
18846996.00, -2247.75, 0.00
18855000.00, -2123.94, 0.00
18863004.00, -2248.88, 0.00
18871012.00, -2122.88, 0.00
18879020.00, -1998.00, 0.00
18887040.00, -2119.70, 0.00
18895048.00, -1873.13, 0.00
18903056.00, -1998.00, 0.00
18911068.00, -1872.19, 0.00
18919076.00, -1873.13, 0.00
18927088.00, -1747.38, 0.00
18935092.00, -1624.19, 0.00
18943100.00, -1623.38, 0.00
18951108.00, -1623.38, 0.00
18959116.00, -1498.50, 0.00
18967124.00, -1498.50, 0.00
18975132.00, -1498.50, 0.00
18983140.00, -1373.63, 0.00
18991148.00, -1248.75, 0.00
18999152.00, -1374.31, 0.00
19007160.00, -1123.88, 0.00
19015164.00, -1249.38, 0.00
19023172.00, -1123.88, 0.00
19031180.00, -999.00, 0.00
19039188.00, -1123.88, 0.00
19047200.00, -998.50, 0.00
19055204.00, -874.56, 0.00
19063208.00, -874.56, 0.00
19071216.00, -874.13, 0.00
19079224.00, -749.25, 0.00
19087236.00, -748.88, 0.00
19095272.00, -746.64, 0.00
19103280.00, -624.38, 0.00
19111288.00, -624.38, 0.00
19119296.00, -499.50, 0.00
19127312.00, -499.00, 0.00
19135316.00, -499.75, 0.00
19143324.00, -499.50, 0.00
19151328.00, -374.81, 0.00
19159336.00, -374.63, 0.00
19167340.00, -374.81, 0.00
19175348.00, -249.75, 0.00
19183352.00, -249.88, 0.00
19191360.00, -124.88, 0.00
19199364.00, -124.94, 0.00
19207372.00, -124.88, 0.00
19215380.00, -124.88, 0.00
19223388.00, 0.00, 0.00
19231400.00, 0.00, 0.00
19239408.00, 0.00, 0.00
19247420.00, 124.81, 0.00
19255424.00, 0.00, 0.00
19263432.00, 0.00, 0.00
19271440.00, 0.00, 0.00
19279448.00, 0.00, 0.00
19287456.00, 0.00, 0.00
19295464.00, 0.00, 0.00
19303472.00, 0.00, 0.00
19311480.00, 0.00, 0.00
19319488.00, 0.00, 0.00
19327496.00, 0.00, 0.00
19335500.00, 0.00, 0.00
19343508.00, 0.00, 0.00
19351520.00, 0.00, 0.00
19359528.00, 0.00, 0.00
19367536.00, 0.00, 0.00
19375544.00, 0.00, 0.00
19383556.00, 0.00, 0.00
19391564.00, 0.00, 0.00
19399576.00, 0.00, 0.00
19407584.00, 0.00, 0.00
19415592.00, 0.00, 0.00
19423600.00, 0.00, 0.00
19431612.00, 0.00, 0.00
19439628.00, 0.00, 0.00
19447636.00, 0.00, 0.00
19455648.00, 0.00, 0.00
19463656.00, 0.00, 0.00
19471664.00, 0.00, 0.00
19479672.00, 0.00, 0.00
19487676.00, 0.00, 0.00
19495688.00, 0.00, 0.00
19503696.00, 0.00, 0.00
19511704.00, 0.00, 0.00
19519712.00, 0.00, 0.00
19527724.00, 0.00, 0.00
19535732.00, 0.00, 0.00
19543740.00, 0.00, 0.00
19551748.00, 0.00, 0.00
19559752.00, 0.00, 0.00
19567760.00, 0.00, 0.00
19575764.00, 0.00, 0.00
19583776.00, 0.00, 0.00
19591784.00, 0.00, 0.00
19599792.00, 0.00, 0.00
19607804.00, 0.00, 0.00
19615812.00, 0.00, 0.00
19623824.00, 0.00, 0.00
19631832.00, 0.00, 0.00
19639840.00, 0.00, 0.00
19647852.00, 0.00, 0.00
19655860.00, 0.00, 0.00
19663876.00, 0.00, 0.00
19671884.00, 0.00, 0.00
19679892.00, 0.00, 0.00
19687900.00, 0.00, 0.00
19695908.00, 0.00, 0.00
19703920.00, 0.00, 0.00
19711928.00, 0.00, 0.00
19719940.00, 0.00, 0.00
19727948.00, 0.00, 0.00
19735956.00, 0.00, 0.00
19743964.00, 0.00, 0.00
19751972.00, 0.00, 0.00
19759984.00, 0.00, 0.00
19767992.00, 0.00, 0.00
19776000.00, 0.00, 0.00
19784008.00, 0.00, 0.00
19792016.00, 0.00, 0.00
19800024.00, 0.00, 0.00
19808032.00, 0.00, 0.00
19816040.00, 0.00, 0.00
19824048.00, 0.00, 0.00
19832056.00, 0.00, 0.00
19840064.00, 0.00, 0.00
19848072.00, 0.00, 0.00
19856080.00, 0.00, 0.00
19864084.00, 0.00, 0.00
19872092.00, 0.00, 0.00
19880100.00, 0.00, 0.00
19888108.00, 0.00, 0.00
19896116.00, 0.00, 0.00
19904124.00, 0.00, 0.00
19912132.00, 0.00, 0.00
19920144.00, 0.00, 0.00
19928152.00, 0.00, 0.00
19936160.00, 0.00, 0.00
19944168.00, 0.00, 0.00
19952176.00, 0.00, 0.00
19960184.00, 0.00, 0.00
19968196.00, 0.00, 0.00
19976208.00, 0.00, 0.00
19984220.00, 0.00, 0.00
19992228.00, 0.00, 0.00
20000236.00, 0.00, 0.00
20008240.00, 0.00, 0.00
20016248.00, 0.00, 0.00
20024260.00, 0.00, 0.00
20032268.00, 0.00, 0.00
20040272.00, 0.00, 0.00
20048280.00, 0.00, 0.00
20056288.00, 0.00, 0.00
20064300.00, 0.00, 0.00
20072308.00, 0.00, 0.00
20080316.00, 0.00, 0.00
20088324.00, 0.00, 0.00
20096332.00, 0.00, 0.00
20104340.00, 0.00, 0.00
20112348.00, 0.00, 0.00
20120356.00, 0.00, 0.00
20128364.00, 0.00, 0.00
20136372.00, 0.00, 0.00
20144380.00, 0.00, 0.00
20152388.00, 0.00, 0.00
20160400.00, 0.00, 0.00
20168404.00, 0.00, 0.00
20176412.00, 0.00, 0.00
20184420.00, 0.00, 0.00
20192428.00, 0.00, 0.00
20200440.00, 0.00, 0.00
20208448.00, 0.00, 0.00
20216456.00, 0.00, 0.00
20224464.00, 0.00, 0.00
20232472.00, 0.00, 0.00
20240480.00, 0.00, 0.00
20248488.00, 0.00, 0.00
20256496.00, 0.00, 0.00
20264504.00, 0.00, 0.00
20272516.00, 0.00, 0.00
20280524.00, 0.00, 0.00
20288532.00, 0.00, 0.00
20296540.00, 0.00, 0.00
20304548.00, 0.00, 0.00
20312560.00, 0.00, 0.00
20320568.00, 0.00, 0.00
20328576.00, 0.00, 0.00
20336588.00, 0.00, 0.00
20344596.00, 0.00, 0.00
20352604.00, 0.00, 0.00
20360612.00, 0.00, 0.00
20368620.00, 0.00, 0.00
20376628.00, 0.00, 0.00
20384632.00, 0.00, 0.00
20392644.00, 0.00, 0.00
20400652.00, 0.00, 0.00
20408660.00, 0.00, 0.00
20416668.00, 0.00, 0.00
20424676.00, 0.00, 0.00
20432684.00, 0.00, 0.00
20440692.00, 0.00, 0.00
20448704.00, 0.00, 0.00
20456712.00, 0.00, 0.00
20464724.00, 0.00, 0.00
20472732.00, 0.00, 0.00
20480744.00, 0.00, 0.00
20488756.00, 0.00, 0.00
20496760.00, 0.00, 0.00
20504768.00, 0.00, 0.00
20512784.00, 0.00, 0.00
20520792.00, 0.00, 0.00
20528796.00, 0.00, 0.00
20536804.00, 0.00, 0.00
20544812.00, 0.00, 0.00
20552820.00, 0.00, 0.00
20560828.00, 0.00, 0.00
20568832.00, 0.00, 0.00
20576840.00, 0.00, 0.00
20584848.00, 0.00, 0.00
20592856.00, 0.00, 0.00
20600860.00, 0.00, 0.00
20608872.00, 0.00, 0.00
20616876.00, 0.00, 0.00
20624884.00, 0.00, 0.00
20632892.00, 0.00, 0.00
20640900.00, 0.00, 0.00
20648908.00, 0.00, 0.00
20656916.00, 0.00, 0.00
20664924.00, 0.00, 0.00
20672932.00, 0.00, 0.00
20680940.00, 0.00, 0.00
20688948.00, 0.00, 0.00
20696956.00, 0.00, 0.00
20704964.00, 0.00, 0.00
20712972.00, 0.00, 0.00
20720980.00, 0.00, 0.00
20728988.00, 0.00, 0.00
20736996.00, 0.00, 0.00
20745004.00, 0.00, 0.00
20753008.00, 0.00, 0.00
20761016.00, 0.00, 0.00
20769028.00, 0.00, 0.00
20777036.00, 0.00, 0.00
20785044.00, 0.00, 0.00
20793052.00, 0.00, 0.00
20801060.00, 0.00, 0.00
20809068.00, 0.00, 0.00
20817076.00, 0.00, 0.00
20825084.00, 0.00, 0.00
20833092.00, 0.00, 0.00
20841100.00, 0.00, 0.00
20849108.00, 0.00, 0.00
20857116.00, 0.00, 0.00
20865124.00, 0.00, 0.00
20873132.00, 0.00, 0.00
20881140.00, 0.00, 0.00
20889148.00, 0.00, 0.00
20897156.00, 0.00, 0.00
20905164.00, 0.00, 0.00
20913172.00, 0.00, 0.00
20921176.00, 0.00, 0.00
20929184.00, 0.00, 0.00
20937192.00, 0.00, 0.00
20945204.00, 0.00, 0.00
20953212.00, 0.00, 0.00
20961220.00, 0.00, 0.00
20969228.00, 0.00, 0.00
20977236.00, 0.00, 0.00
20985244.00, 0.00, 0.00
20993252.00, 0.00, 0.00
21001260.00, 0.00, 0.00
21009268.00, 0.00, 0.00
21017276.00, 0.00, 0.00
21025284.00, 0.00, 0.00
21033288.00, 0.00, 0.00
21041296.00, 0.00, 0.00
21049304.00, 0.00, 0.00
21057312.00, 0.00, 0.00
21065320.00, 0.00, 0.00
21073328.00, 0.00, 0.00
21081336.00, 0.00, 0.00
21089344.00, 0.00, 0.00
21097352.00, 0.00, 0.00
21105360.00, 0.00, 0.00
21113368.00, 0.00, 0.00
21121376.00, 0.00, 0.00
21129384.00, 0.00, 0.00
21137392.00, 0.00, 0.00
21145400.00, 0.00, 0.00
21153408.00, 0.00, 0.00
21161416.00, 0.00, 0.00
21169424.00, 0.00, 0.00
21177432.00, 0.00, 0.00
21185444.00, 0.00, 0.00
21193448.00, 0.00, 0.00
21201456.00, 0.00, 0.00
21209464.00, 0.00, 0.00
21217472.00, 0.00, 0.00
21225488.00, 0.00, 0.00
21233496.00, 0.00, 0.00
21241504.00, 0.00, 0.00
21249512.00, 0.00, 0.00
21257520.00, 0.00, 0.00
21265528.00, 0.00, 0.00
21273540.00, 0.00, 0.00
21281548.00, 0.00, 0.00
21289556.00, 0.00, 0.00
21297564.00, 0.00, 0.00
21305572.00, 0.00, 0.00
21313580.00, 0.00, 0.00
21321592.00, 0.00, 0.00
21329596.00, 0.00, 0.00
21337604.00, 0.00, 0.00
21345612.00, 0.00, 0.00
21353620.00, 0.00, 0.00
21361628.00, 0.00, 0.00
21369636.00, 0.00, 0.00
21377644.00, 0.00, 0.00
21385648.00, 0.00, 0.00
21393656.00, 0.00, 0.00
21401664.00, 0.00, 0.00
21409672.00, 0.00, 0.00
21417680.00, 0.00, 0.00
21425688.00, 0.00, 0.00
21433696.00, 0.00, 0.00
21441704.00, 0.00, 0.00
21449712.00, 0.00, 0.00
21457720.00, 0.00, 0.00
21465728.00, 0.00, 0.00
21473736.00, 0.00, 0.00
21481744.00, 0.00, 0.00
21489752.00, 0.00, 0.00
21497764.00, 0.00, 0.00
21505768.00, 0.00, 0.00
21513776.00, 0.00, 0.00
21521784.00, 0.00, 0.00
21529792.00, 0.00, 0.00
21537808.00, 0.00, 0.00
21545816.00, 0.00, 0.00
21553820.00, 0.00, 0.00
21561828.00, 0.00, 0.00
21569840.00, 0.00, 0.00
21577848.00, 0.00, 0.00
21585856.00, 0.00, 0.00
21593864.00, 0.00, 0.00
21601872.00, 0.00, 0.00
21609880.00, 0.00, 0.00
21617888.00, 0.00, 0.00
21625896.00, 0.00, 0.00
21633908.00, 0.00, 0.00
21641916.00, 0.00, 0.00
21649924.00, 0.00, 0.00
21657928.00, 0.00, 0.00
21665936.00, 0.00, 0.00
21673948.00, 0.00, 0.00
21681952.00, 0.00, 0.00
21689960.00, 0.00, 0.00
21697968.00, 0.00, 0.00
21705976.00, 0.00, 0.00
21713988.00, 0.00, 0.00
21721996.00, 0.00, 0.00
21730004.00, 0.00, 0.00
21738008.00, 0.00, 0.00
22742168.00, 0.00, 700.00
22750176.00, 0.00, 700.00
22758184.00, 0.00, 700.00
22766188.00, 249.88, 700.00
22774192.00, 1249.38, 700.00
22782204.00, 1997.00, 700.00
22790208.00, 2748.63, 700.00
22798216.00, 3121.88, 700.00
22806220.00, 3248.38, 700.00
22814244.00, 3489.53, 700.00
22822252.00, 3496.50, 700.00
22830260.00, 3621.38, 700.00
22838264.00, 3873.06, 700.00
22846272.00, 3746.25, 700.00
22854276.00, 3873.06, 700.00
22862284.00, 3996.00, 700.00
22870300.00, 3992.02, 700.00
22878304.00, 3998.00, 700.00
22886312.00, 3996.00, 700.00
22894324.00, 4118.82, 700.00
22902332.00, 4120.88, 700.00
22910360.00, 4110.61, 700.00
22918368.00, 4120.88, 700.00
22926372.00, 4122.94, 700.00
22934384.00, 4243.63, 700.00
22942396.00, 4368.45, 700.00
22950404.00, 4370.63, 700.00
22958412.00, 4370.63, 700.00
22966416.00, 4497.75, 700.00
22974428.00, 4493.26, 700.00
22982436.00, 4620.38, 700.00
22990472.00, 4604.28, 700.00
22998480.00, 4495.50, 700.00
23006492.00, 4742.89, 700.00
23014500.00, 4620.38, 700.00
23022536.00, 4604.28, 700.00
23030544.00, 4745.25, 700.00
23038556.00, 4742.89, 700.00
23046592.00, 4853.16, 700.00
23054600.00, 4745.25, 700.00
23062604.00, 4747.63, 700.00
23070612.00, 4745.25, 700.00
23078620.00, 4745.25, 700.00
23086628.00, 4620.38, 700.00
23094636.00, 4620.38, 700.00
23102648.00, 4742.89, 700.00
23110684.00, 4728.72, 700.00
23118692.00, 4745.25, 700.00
23126716.00, 4860.42, 700.00
23134732.00, 4865.27, 700.00
23142740.00, 4870.13, 700.00
23150744.00, 4872.56, 700.00
23158780.00, 4977.60, 700.00
23166788.00, 4870.13, 700.00
23174796.00, 4995.00, 700.00
23182804.00, 4995.00, 700.00
23190808.00, 4997.50, 700.00
23198832.00, 4985.04, 700.00
23206848.00, 4990.02, 700.00
23214856.00, 4995.00, 700.00
23222864.00, 4995.00, 700.00
23230876.00, 4867.70, 700.00
23238880.00, 4997.50, 700.00
23246884.00, 4872.56, 700.00
23254912.00, 4858.00, 700.00
23262920.00, 4745.25, 700.00
23270928.00, 4870.13, 700.00
23278936.00, 4995.00, 700.00
23286948.00, 4867.70, 700.00
23294952.00, 4997.50, 700.00
23302960.00, 5119.88, 700.00
23310964.00, 4997.50, 700.00
23318972.00, 4995.00, 700.00
23326976.00, 5122.44, 700.00
23334984.00, 5119.88, 700.00
23342996.00, 5117.32, 700.00
23351016.00, 5112.22, 700.00
23359024.00, 4995.00, 700.00
23367032.00, 5119.88, 700.00
23375048.00, 5114.77, 700.00
23383052.00, 4997.50, 700.00
23391060.00, 4995.00, 700.00
23399072.00, 4992.51, 700.00
23407080.00, 4995.00, 700.00
23415088.00, 4870.13, 700.00
23423096.00, 4870.13, 700.00
23431108.00, 4992.51, 700.00
23439140.00, 4980.08, 700.00
23447148.00, 4995.00, 700.00
23455160.00, 4992.51, 700.00
23463168.00, 5119.88, 700.00
23471176.00, 5119.88, 700.00
23479184.00, 4995.00, 700.00
23487196.00, 5117.32, 700.00
23495200.00, 5122.44, 700.00
23503208.00, 5119.88, 700.00
23511228.00, 5112.22, 700.00
23519260.00, 5104.58, 700.00
23527264.00, 5122.44, 700.00
23535272.00, 5119.88, 700.00
23543280.00, 5119.88, 700.00
23551284.00, 4997.50, 700.00
23559292.00, 4995.00, 700.00
23567300.00, 4995.00, 700.00
23575312.00, 4992.51, 700.00
23583316.00, 4872.56, 700.00
23591320.00, 4997.50, 700.00
23599328.00, 4995.00, 700.00
23607332.00, 4997.50, 700.00
23615336.00, 5122.44, 700.00
23623360.00, 5109.67, 700.00
23631396.00, 5102.04, 700.00
23639404.00, 4995.00, 700.00
23647408.00, 5122.44, 700.00
23655416.00, 5119.88, 700.00
23663424.00, 5119.88, 700.00
23671432.00, 5119.88, 700.00
23679436.00, 5122.44, 700.00
23687440.00, 5122.44, 700.00
23695444.00, 5122.44, 700.00
23703452.00, 5119.88, 700.00
23711460.00, 5119.88, 700.00
23719468.00, 4995.00, 700.00
23727480.00, 4992.51, 700.00
23735488.00, 4995.00, 700.00
23743520.00, 4980.08, 700.00
23751532.00, 4992.51, 700.00
23759536.00, 4997.50, 700.00
23767548.00, 5117.32, 700.00
23775556.00, 5119.88, 700.00
23783568.00, 5117.32, 700.00
23791580.00, 5117.32, 700.00
23799604.00, 5109.67, 700.00
23807636.00, 5104.58, 700.00
23815644.00, 4995.00, 700.00
23823680.00, 5226.48, 700.00
23831692.00, 5117.32, 700.00
23839704.00, 5117.32, 700.00
23847712.00, 5119.88, 700.00
23855720.00, 5119.88, 700.00
23863728.00, 5119.88, 700.00
23871740.00, 5117.32, 700.00
23879752.00, 4992.51, 700.00
23887764.00, 4992.51, 700.00
23895772.00, 4870.13, 700.00
23903784.00, 4992.51, 700.00
23911816.00, 5104.58, 700.00
23919828.00, 4992.51, 700.00
23927836.00, 5119.88, 700.00
23935848.00, 5117.32, 700.00
23943852.00, 5122.44, 700.00
23951860.00, 5119.88, 700.00
23959872.00, 5117.32, 700.00
23967876.00, 5122.44, 700.00
23975880.00, 5122.44, 700.00
23983888.00, 5119.88, 700.00
23991924.00, 5226.48, 700.00
23999928.00, 5122.44, 700.00
24007940.00, 5117.32, 700.00
24015952.00, 5242.14, 700.00
24023956.00, 4997.50, 700.00
24031968.00, 5117.32, 700.00
24039976.00, 4995.00, 700.00
24047988.00, 4992.51, 700.00
24055996.00, 4995.00, 700.00
24064008.00, 4992.51, 700.00
24072012.00, 4997.50, 700.00
24080016.00, 5122.44, 700.00
24088020.00, 5122.44, 700.00
24096032.00, 5117.32, 700.00
24104068.00, 5226.48, 700.00
24112072.00, 5122.44, 700.00
24120080.00, 5119.88, 700.00
24128088.00, 5119.88, 700.00
24136092.00, 5122.44, 700.00
24144100.00, 5119.88, 700.00
24152108.00, 5244.76, 700.00
24160116.00, 5119.88, 700.00
24168128.00, 5242.14, 700.00
24176132.00, 5122.44, 700.00
24184160.00, 5107.12, 700.00
24192172.00, 4992.51, 700.00
24200176.00, 4997.50, 700.00
24208184.00, 4995.00, 700.00
24216220.00, 5102.04, 700.00
24224228.00, 4995.00, 700.00
24232240.00, 5117.32, 700.00
24240248.00, 5119.88, 700.00
24248260.00, 5117.32, 700.00
24256264.00, 5122.44, 700.00
24264296.00, 5229.08, 700.00
24272304.00, 5119.88, 700.00
24280308.00, 5122.44, 700.00
24288316.00, 5244.76, 700.00
24296324.00, 5119.88, 700.00
24304336.00, 5242.14, 700.00
24312344.00, 5119.88, 700.00
24320352.00, 5244.76, 700.00
24328360.00, 5119.88, 700.00
24336368.00, 5119.88, 700.00
24344372.00, 5122.44, 700.00
24352376.00, 4997.50, 700.00
24360384.00, 4995.00, 700.00
24368392.00, 4995.00, 700.00
24376404.00, 5117.32, 700.00
24384408.00, 4997.50, 700.00
24392420.00, 5117.32, 700.00
24400452.00, 5229.08, 700.00
24408460.00, 5119.88, 700.00
24416468.00, 5119.88, 700.00
24424476.00, 5244.76, 700.00
24432484.00, 5119.88, 700.00
24440488.00, 5122.44, 700.00
24448496.00, 5244.76, 700.00
24456500.00, 5122.44, 700.00
24464508.00, 5244.76, 700.00
24472516.00, 5119.88, 700.00
24480524.00, 5244.76, 700.00
24488536.00, 5117.32, 700.00
24496540.00, 5122.44, 700.00
24504544.00, 4997.50, 700.00
24512548.00, 4997.50, 700.00
24520560.00, 4992.51, 700.00
24528576.00, 5114.77, 700.00
24536584.00, 4995.00, 700.00
24544596.00, 5117.32, 700.00
24552604.00, 5119.88, 700.00
24560612.00, 5119.88, 700.00
24568648.00, 5226.48, 700.00
24576656.00, 5119.88, 700.00
24584668.00, 5117.32, 700.00
24592680.00, 5242.14, 700.00
24600688.00, 5119.88, 700.00
24608696.00, 5244.76, 700.00
24616704.00, 5119.88, 700.00
24624716.00, 5242.14, 700.00
24632720.00, 5247.38, 700.00
24640724.00, 5122.44, 700.00
24648736.00, 5117.32, 700.00
24656744.00, 5119.88, 700.00
24664752.00, 4995.00, 700.00
24672760.00, 4995.00, 700.00
24680768.00, 5119.88, 700.00
24688772.00, 4997.50, 700.00
24696780.00, 5119.88, 700.00
24704788.00, 5119.88, 700.00
24712800.00, 5117.32, 700.00
24720812.00, 5242.14, 700.00
24728820.00, 5119.88, 700.00
24736844.00, 5234.30, 700.00
24744852.00, 5119.88, 700.00
24752860.00, 5119.88, 700.00
24760868.00, 5244.76, 700.00
24768872.00, 5122.44, 700.00
24776880.00, 5244.76, 700.00
24784884.00, 5122.44, 700.00
24792892.00, 5244.76, 700.00
24800896.00, 5122.44, 700.00
24808920.00, 5109.67, 700.00
24816924.00, 4997.50, 700.00
24824928.00, 4997.50, 700.00
24832932.00, 4997.50, 700.00
24840940.00, 4995.00, 700.00
24848952.00, 5117.32, 700.00
24856960.00, 4995.00, 700.00
24864968.00, 5119.88, 700.00
24872976.00, 5119.88, 700.00
24881000.00, 5234.30, 700.00
24889004.00, 5122.44, 700.00
24897008.00, 5122.44, 700.00
24905016.00, 5119.88, 700.00
24913024.00, 5119.88, 700.00
24921036.00, 5117.32, 700.00
24929040.00, 5247.38, 700.00
24937052.00, 5117.32, 700.00
24945056.00, 5122.44, 700.00
24953064.00, 5244.76, 700.00
24961072.00, 5119.88, 700.00
24969080.00, 4995.00, 700.00
24977092.00, 4992.51, 700.00
24985104.00, 4992.51, 700.00
24993112.00, 4995.00, 700.00
25001124.00, 5117.32, 700.00
25009136.00, 4992.51, 700.00
25017140.00, 5122.44, 700.00
25025152.00, 5117.32, 700.00
25033164.00, 5242.14, 700.00
25041168.00, 5122.44, 700.00
25049172.00, 5122.44, 700.00
25057176.00, 5122.44, 700.00
25065212.00, 5226.48, 700.00
25073220.00, 5119.88, 700.00
25081228.00, 5119.88, 700.00
25089232.00, 5247.38, 700.00
25097240.00, 5119.88, 700.00
25105248.00, 5244.76, 700.00
25113256.00, 5119.88, 700.00
25121260.00, 5122.44, 700.00
25129264.00, 4997.50, 700.00
25137284.00, 5112.22, 700.00
25145288.00, 4997.50, 700.00
25153292.00, 4997.50, 700.00
25161296.00, 5122.44, 700.00
25169300.00, 5122.44, 700.00
25177312.00, 5117.32, 700.00
25185320.00, 5119.88, 700.00
25193324.00, 5247.38, 700.00
25201332.00, 5119.88, 700.00
25209356.00, 5234.30, 700.00
25217364.00, 5119.88, 700.00
25225376.00, 5117.32, 700.00
25233380.00, 5247.38, 700.00
25241408.00, 5231.69, 700.00
26246320.00, 5139.75, 0.00
26254328.00, 5119.88, 0.00
26262332.00, 5122.44, 0.00
26270356.00, 5109.67, 0.00
26278364.00, 4995.00, 0.00
26286372.00, 4995.00, 0.00
26294380.00, 4870.13, 0.00
26302392.00, 4867.70, 0.00
26310400.00, 4745.25, 0.00
26318412.00, 4742.89, 0.00
26326420.00, 4620.38, 0.00
26334428.00, 4620.38, 0.00
26342444.00, 4615.77, 0.00
26350452.00, 4370.63, 0.00
26358460.00, 4370.63, 0.00
26366464.00, 4247.88, 0.00
26374472.00, 4245.75, 0.00
26382504.00, 4108.57, 0.00
26390544.00, 3980.10, 0.00
26398552.00, 3871.13, 0.00
26406560.00, 3871.13, 0.00
26414568.00, 3746.25, 0.00
26422600.00, 3859.56, 0.00
26430608.00, 3621.38, 0.00
26438616.00, 3746.25, 0.00
26446624.00, 3746.25, 0.00
26454640.00, 3617.76, 0.00
26462648.00, 3496.50, 0.00
26470652.00, 3623.19, 0.00
26478656.00, 3373.31, 0.00
26486684.00, 3487.79, 0.00
26494692.00, 3246.75, 0.00
26502700.00, 3246.75, 0.00
26510708.00, 3246.75, 0.00
26518716.00, 3121.88, 0.00
26526732.00, 2994.01, 0.00
26534740.00, 2997.00, 0.00
26542748.00, 2997.00, 0.00
26550756.00, 2997.00, 0.00
26558768.00, 2870.69, 0.00
26566776.00, 2747.25, 0.00
26574784.00, 2747.25, 0.00
26582792.00, 2747.25, 0.00
26590812.00, 2618.45, 0.00
26598824.00, 2496.26, 0.00
26606832.00, 2497.50, 0.00
26614840.00, 2372.63, 0.00
26622848.00, 2372.63, 0.00
26630860.00, 2371.44, 0.00
26638868.00, 2247.75, 0.00
26646880.00, 2121.82, 0.00
26654888.00, 2122.88, 0.00
26662932.00, 2113.38, 0.00
26670944.00, 1997.00, 0.00
26678952.00, 1873.13, 0.00
26686988.00, 1991.04, 0.00
26695000.00, 1747.38, 0.00
26703012.00, 1872.19, 0.00
26711020.00, 1748.25, 0.00
26719028.00, 1623.38, 0.00
26727036.00, 1623.38, 0.00
26735044.00, 1623.38, 0.00
26743052.00, 1623.38, 0.00
26751076.00, 1495.51, 0.00
26759080.00, 1374.31, 0.00
26767084.00, 1499.25, 0.00
26775096.00, 1372.94, 0.00
26783108.00, 1248.13, 0.00
26791136.00, 1370.20, 0.00
26799144.00, 1123.88, 0.00
26807152.00, 1248.75, 0.00
26815160.00, 1123.88, 0.00
26823168.00, 999.00, 0.00
26831180.00, 998.50, 0.00
26839188.00, 999.00, 0.00
26847200.00, 873.69, 0.00
26855208.00, 874.13, 0.00
26863216.00, 874.13, 0.00
26871220.00, 749.63, 0.00
26879232.00, 748.88, 0.00
26887240.00, 749.25, 0.00
26895252.00, 624.06, 0.00
26903264.00, 624.06, 0.00
26911272.00, 499.50, 0.00
26919280.00, 499.50, 0.00
26927288.00, 499.50, 0.00
26935304.00, 374.25, 0.00
26943316.00, 374.44, 0.00
26951324.00, 374.63, 0.00
26959336.00, 249.63, 0.00
26967344.00, 249.75, 0.00
26975356.00, 249.63, 0.00
26983364.00, 124.88, 0.00
26991368.00, 124.94, 0.00
26999376.00, 124.88, 0.00
27007380.00, 0.00, 0.00
27015392.00, 0.00, 0.00
27023404.00, 0.00, 0.00
27031416.00, 0.00, 0.00
27039428.00, 0.00, 0.00
27047440.00, 0.00, 0.00
27055448.00, 0.00, 0.00
27063456.00, -124.88, 0.00
27071464.00, 0.00, 0.00
27079472.00, 0.00, 0.00
27087476.00, 0.00, 0.00
27095480.00, 0.00, 0.00
27103484.00, 0.00, 0.00
27111488.00, 0.00, 0.00
27119496.00, 0.00, 0.00
27127500.00, 0.00, 0.00
27135504.00, 0.00, 0.00
27143512.00, 0.00, 0.00
27151516.00, 0.00, 0.00
27159524.00, 0.00, 0.00
27167536.00, 0.00, 0.00
27175548.00, 0.00, 0.00
27183560.00, 0.00, 0.00
27191572.00, 0.00, 0.00
27199584.00, 0.00, 0.00
27207588.00, 0.00, 0.00
27215592.00, 0.00, 0.00
27223604.00, 0.00, 0.00
27231612.00, 0.00, 0.00
