time (us), tick speed, set point
left motor

13475184.00, 0.00, 0.00
13483192.00, 0.00, 0.00
13491208.00, 0.00, 0.00
13499216.00, 0.00, 0.00
13507224.00, 0.00, 0.00
13515228.00, 0.00, 0.00
13523236.00, 0.00, 0.00
13531244.00, 0.00, 0.00
13539252.00, 0.00, 0.00
13547260.00, 0.00, 0.00
13555268.00, 0.00, 0.00
13563276.00, 0.00, 0.00
13571284.00, 0.00, 0.00
13579292.00, 0.00, 0.00
13587300.00, 0.00, 0.00
13595304.00, 0.00, 0.00
13603312.00, 0.00, 0.00
13611320.00, 0.00, 0.00
13619328.00, 0.00, 0.00
13627336.00, 0.00, 0.00
13635344.00, 0.00, 0.00
13643352.00, 0.00, 0.00
13651360.00, 0.00, 0.00
13659368.00, 0.00, 0.00
13667376.00, 0.00, 0.00
13675384.00, 0.00, 0.00
13683392.00, 0.00, 0.00
13691396.00, 0.00, 0.00
13699408.00, 0.00, 0.00
13707416.00, 0.00, 0.00
13715424.00, 0.00, 0.00
13723432.00, 0.00, 0.00
13731440.00, 0.00, 0.00
13739448.00, 0.00, 0.00
13747456.00, 0.00, 0.00
13755464.00, 0.00, 0.00
13763476.00, 0.00, 0.00
13771480.00, 0.00, 0.00
13779488.00, 0.00, 0.00
13787496.00, 0.00, 0.00
13795504.00, 0.00, 0.00
13803512.00, 0.00, 0.00
13811524.00, 0.00, 0.00
13819528.00, 0.00, 0.00
13827540.00, 0.00, 0.00
13835548.00, 0.00, 0.00
13843552.00, 0.00, 0.00
13851564.00, 0.00, 0.00
13859572.00, 0.00, 0.00
13867580.00, 0.00, 0.00
13875588.00, 0.00, 0.00
13883596.00, 0.00, 0.00
13891604.00, 0.00, 0.00
13899612.00, 0.00, 0.00
13907620.00, 0.00, 0.00
13915628.00, 0.00, 0.00
13923636.00, 0.00, 0.00
13931644.00, 0.00, 0.00
13939656.00, 0.00, 0.00
13947660.00, 0.00, 0.00
13955668.00, 0.00, 0.00
13963676.00, 0.00, 0.00
13971684.00, 0.00, 0.00
13979692.00, 0.00, 0.00
13987704.00, 0.00, 0.00
13995712.00, 0.00, 0.00
14003720.00, 0.00, 0.00
14011728.00, 0.00, 0.00
14019736.00, 0.00, 0.00
14027748.00, 0.00, 0.00
14035756.00, 0.00, 0.00
14043764.00, 0.00, 0.00
14051772.00, 0.00, 0.00
15056024.00, 0.00, 600.00
15064032.00, 0.00, 600.00
15072036.00, 0.00, 600.00
15080048.00, 374.44, 600.00
15088052.00, 1124.44, 600.00
15096060.00, 1748.25, 600.00
15104068.00, 2247.75, 600.00
15112076.00, 2497.50, 600.00
15120084.00, 2747.25, 600.00
15128088.00, 2873.56, 600.00
15136100.00, 2870.69, 600.00
15144108.00, 2997.00, 600.00
15152116.00, 3121.88, 600.00
15160124.00, 3121.88, 600.00
15168128.00, 3248.38, 600.00
15176132.00, 3248.38, 600.00
15184144.00, 3369.94, 600.00
15192148.00, 3498.25, 600.00
15200184.00, 3484.32, 600.00
15208188.00, 3498.25, 600.00
15216196.00, 3496.50, 600.00
15224204.00, 3496.50, 600.00
15232212.00, 3621.38, 600.00
15240224.00, 3619.57, 600.00
15248232.00, 3621.38, 600.00
15256244.00, 3744.38, 600.00
15264252.00, 3746.25, 600.00
15272264.00, 3869.20, 600.00
15280272.00, 3871.13, 600.00
15288280.00, 3996.00, 600.00
15296284.00, 3998.00, 600.00
15304292.00, 3996.00, 600.00
15312304.00, 4118.82, 600.00
15320308.00, 4122.94, 600.00
15328324.00, 4116.77, 600.00
15336332.00, 4120.88, 600.00
15344344.00, 4118.82, 600.00
15352364.00, 4239.40, 600.00
15360372.00, 4120.88, 600.00
15368380.00, 4245.75, 600.00
15376396.00, 4241.52, 600.00
15384400.00, 4372.81, 600.00
15392408.00, 4245.75, 600.00
15400416.00, 4370.63, 600.00
15408428.00, 4368.45, 600.00
15416436.00, 4245.75, 600.00
15424440.00, 4372.81, 600.00
15432448.00, 4245.75, 600.00
15440456.00, 4370.63, 600.00
15448464.00, 4245.75, 600.00
15456472.00, 4370.63, 600.00
15464480.00, 4495.50, 600.00
15472492.00, 4368.45, 600.00
15480496.00, 4497.75, 600.00
15488500.00, 4497.75, 600.00
15496516.00, 4615.77, 600.00
15504524.00, 4495.50, 600.00
15512532.00, 4495.50, 600.00
15520540.00, 4495.50, 600.00
15528564.00, 4611.17, 600.00
15536572.00, 4495.50, 600.00
15544600.00, 4608.87, 600.00
15552608.00, 4495.50, 600.00
15560612.00, 4622.69, 600.00
15568620.00, 4620.38, 600.00
15576628.00, 4620.38, 600.00
15584664.00, 4604.28, 600.00
15592672.00, 4495.50, 600.00
15600708.00, 4604.28, 600.00
15608716.00, 4495.50, 600.00
15616724.00, 4495.50, 600.00
15624732.00, 4495.50, 600.00
15632740.00, 4495.50, 600.00
15640748.00, 4620.38, 600.00
15648752.00, 4622.69, 600.00
15656764.00, 4618.07, 600.00
15664772.00, 4745.25, 600.00
15672792.00, 4738.15, 600.00
15680800.00, 4620.38, 600.00
15688804.00, 4747.63, 600.00
15696816.00, 4618.07, 600.00
15704820.00, 4747.63, 600.00
15712824.00, 4622.69, 600.00
15720832.00, 4745.25, 600.00
15728836.00, 4747.63, 600.00
15736844.00, 4745.25, 600.00
15744864.00, 4738.15, 600.00
15752876.00, 4618.07, 600.00
15760884.00, 4745.25, 600.00
15768892.00, 4620.38, 600.00
15776904.00, 4618.07, 600.00
15784908.00, 4622.69, 600.00
15792912.00, 4622.69, 600.00
15800920.00, 4620.38, 600.00
15808924.00, 4622.69, 600.00
15816952.00, 4733.43, 600.00
15824960.00, 4620.38, 600.00
15832968.00, 4745.25, 600.00
15840980.00, 4742.89, 600.00
15849012.00, 4855.58, 600.00
15857040.00, 4733.43, 600.00
15865076.00, 4728.72, 600.00
15873084.00, 4620.38, 600.00
15881092.00, 4745.25, 600.00
15889104.00, 4742.89, 600.00
15897112.00, 4745.25, 600.00
15905120.00, 4870.13, 600.00
15913128.00, 4745.25, 600.00
15921136.00, 4745.25, 600.00
15929148.00, 4742.89, 600.00
15937168.00, 4738.15, 600.00
15945176.00, 4620.38, 600.00
15953180.00, 4622.69, 600.00
15961184.00, 4622.69, 600.00
15969212.00, 4733.43, 600.00
15977220.00, 4620.38, 600.00
15985228.00, 4745.25, 600.00
15993236.00, 4745.25, 600.00
16001240.00, 4747.63, 600.00
16009252.00, 4867.70, 600.00
16017260.00, 4745.25, 600.00
16025272.00, 4742.89, 600.00
16033304.00, 4855.58, 600.00
16041312.00, 4745.25, 600.00
16049316.00, 4747.63, 600.00
16057320.00, 4747.63, 600.00
16065328.00, 4745.25, 600.00
16073336.00, 4745.25, 600.00
16081344.00, 4870.13, 600.00
16089352.00, 4745.25, 600.00
16097360.00, 4745.25, 600.00
16105372.00, 4742.89, 600.00
16113376.00, 4622.69, 600.00
16121384.00, 4620.38, 600.00
16129396.00, 4742.89, 600.00
16137404.00, 4620.38, 600.00
16145440.00, 4728.72, 600.00
16153444.00, 4622.69, 600.00
16161472.00, 4858.00, 600.00
16169476.00, 4747.63, 600.00
16177484.00, 4745.25, 600.00
16185488.00, 4872.56, 600.00
16193496.00, 4745.25, 600.00
16201500.00, 4747.63, 600.00
16209528.00, 4858.00, 600.00
16217536.00, 4745.25, 600.00
16225544.00, 4745.25, 600.00
16233564.00, 4862.84, 600.00
16241572.00, 4745.25, 600.00
16249596.00, 4860.42, 600.00
16257604.00, 4745.25, 600.00
16265608.00, 4747.63, 600.00
16273616.00, 4745.25, 600.00
16281620.00, 4747.63, 600.00
16289628.00, 4620.38, 600.00
17295512.00, 4748.06, 300.00
17303536.00, 4735.79, 300.00
17311544.00, 4620.38, 300.00
17319548.00, 4622.69, 300.00
17327556.00, 4620.38, 300.00
17335564.00, 4620.38, 300.00
17343568.00, 4497.75, 300.00
17351576.00, 4620.38, 300.00
17359588.00, 4493.26, 300.00
17367592.00, 4372.81, 300.00
17375600.00, 4370.63, 300.00
17383612.00, 4368.45, 300.00
17391624.00, 4243.63, 300.00
17399640.00, 4366.27, 300.00
17407644.00, 4122.94, 300.00
17415648.00, 4247.88, 300.00
17423656.00, 4120.88, 300.00
17431660.00, 4122.94, 300.00
17439664.00, 4122.94, 300.00
17447668.00, 3998.00, 300.00
17455680.00, 3994.01, 300.00
17463704.00, 3988.04, 300.00
17471708.00, 3873.06, 300.00
17479716.00, 3746.25, 300.00
17487724.00, 3746.25, 300.00
17495728.00, 3748.13, 300.00
17503744.00, 3742.51, 300.00
17511748.00, 3623.19, 300.00
17519756.00, 3746.25, 300.00
17527760.00, 3623.19, 300.00
17535772.00, 3619.57, 300.00
17543776.00, 3623.19, 300.00
17551784.00, 3621.38, 300.00
17559788.00, 3623.19, 300.00
17567796.00, 3621.38, 300.00
17575800.00, 3498.25, 300.00
17583808.00, 3496.50, 300.00
17591812.00, 3498.25, 300.00
17599816.00, 3373.31, 300.00
17607824.00, 3371.63, 300.00
17615860.00, 3484.32, 300.00
17623872.00, 3369.94, 300.00
17631876.00, 3248.38, 300.00
17639884.00, 3371.63, 300.00
17647896.00, 3245.13, 300.00
17655904.00, 3246.75, 300.00
17663932.00, 3363.23, 300.00
17671944.00, 3120.32, 300.00
17679952.00, 3246.75, 300.00
17687964.00, 3120.32, 300.00
17695968.00, 3123.44, 300.00
17703976.00, 2997.00, 300.00
17711980.00, 2998.50, 300.00
17719988.00, 2997.00, 300.00
17728000.00, 2995.51, 300.00
17736004.00, 2998.50, 300.00
17744016.00, 2870.69, 300.00
17752024.00, 2997.00, 300.00
17760032.00, 2872.13, 300.00
17768040.00, 2872.13, 300.00
17776044.00, 2998.50, 300.00
17784052.00, 2872.13, 300.00
17792060.00, 2872.13, 300.00
17800068.00, 2872.13, 300.00
17808076.00, 2872.13, 300.00
17816088.00, 2870.69, 300.00
17824096.00, 2872.13, 300.00
17832104.00, 2747.25, 300.00
17840112.00, 2872.13, 300.00
17848120.00, 2747.25, 300.00
17856132.00, 2745.88, 300.00
17864164.00, 2739.04, 300.00
17872176.00, 2621.07, 300.00
17880188.00, 2745.88, 300.00
17888196.00, 2747.25, 300.00
17896208.00, 2621.07, 300.00
17904220.00, 2745.88, 300.00
17912224.00, 2623.69, 300.00
17920228.00, 2748.63, 300.00
17928236.00, 2622.38, 300.00
17936240.00, 2623.69, 300.00
17944260.00, 2743.14, 300.00
17952272.00, 2496.26, 300.00
17960280.00, 2622.38, 300.00
17968284.00, 2623.69, 300.00
17976316.00, 2614.54, 300.00
17984324.00, 2497.50, 300.00
17992332.00, 2622.38, 300.00
18000344.00, 2496.26, 300.00
18008348.00, 2498.75, 300.00
18016356.00, 2497.50, 300.00
18024368.00, 2496.26, 300.00
18032376.00, 2497.50, 300.00
18040384.00, 2497.50, 300.00
18048404.00, 2493.77, 300.00
18056412.00, 2497.50, 300.00
18064420.00, 2497.50, 300.00
18072428.00, 2497.50, 300.00
18080432.00, 2498.75, 300.00
18088440.00, 2497.50, 300.00
18096448.00, 2497.50, 300.00
18104456.00, 2497.50, 300.00
18112464.00, 2497.50, 300.00
18120476.00, 2496.26, 300.00
18128484.00, 2497.50, 300.00
18136492.00, 2497.50, 300.00
18144500.00, 2497.50, 300.00
18152504.00, 2498.75, 300.00
18160512.00, 2372.63, 300.00
18168524.00, 2496.26, 300.00
18176536.00, 2371.44, 300.00
18184548.00, 2496.26, 300.00
18192560.00, 2371.44, 300.00
18200564.00, 2498.75, 300.00
18208572.00, 2372.63, 300.00
18216576.00, 2498.75, 300.00
18224584.00, 2372.63, 300.00
18232596.00, 2371.44, 300.00
18240604.00, 2497.50, 300.00
18248612.00, 2372.63, 300.00
18256616.00, 2373.81, 300.00
18264620.00, 2373.81, 300.00
18272628.00, 2372.63, 300.00
18280636.00, 2372.63, 300.00
18288648.00, 2371.44, 300.00
18296660.00, 2371.44, 300.00
18304668.00, 2372.63, 300.00
18312704.00, 2364.36, 300.00
18320712.00, 2247.75, 300.00
18328724.00, 2371.44, 300.00
18336732.00, 2247.75, 300.00
18344740.00, 2372.63, 300.00
18352748.00, 2247.75, 300.00
18360756.00, 2247.75, 300.00
18368764.00, 2372.63, 300.00
18376772.00, 2247.75, 300.00
18384780.00, 2372.63, 300.00
18392788.00, 2247.75, 300.00
18400800.00, 2371.44, 300.00
18408808.00, 2372.63, 300.00
18416828.00, 2369.08, 300.00
18424844.00, 2245.51, 300.00
18432848.00, 2373.81, 300.00
18440856.00, 2372.63, 300.00
18448860.00, 2373.81, 300.00
18456888.00, 2366.72, 300.00
18464896.00, 2247.75, 300.00
18472904.00, 2372.63, 300.00
18480916.00, 2371.44, 300.00
18488924.00, 2372.63, 300.00
18496928.00, 2248.88, 300.00
18504936.00, 2372.63, 300.00
18512944.00, 2247.75, 300.00
18520956.00, 2371.44, 300.00
18528964.00, 2372.63, 300.00
18536972.00, 2247.75, 300.00
18544980.00, 2372.63, 300.00
18552992.00, 2371.44, 300.00
18561000.00, 2247.75, 300.00
18569008.00, 2372.63, 300.00
18577020.00, 2371.44, 300.00
18585032.00, 2371.44, 300.00
18593044.00, 2246.63, 300.00
18601052.00, 2372.63, 300.00
18609056.00, 2373.81, 300.00
18617064.00, 2247.75, 300.00
18625072.00, 2372.63, 300.00
18633080.00, 2247.75, 300.00
18641088.00, 2372.63, 300.00
18649100.00, 2246.63, 300.00
18657112.00, 2371.44, 300.00
18665120.00, 2247.75, 300.00
18673132.00, 2246.63, 300.00
18681140.00, 2247.75, 300.00
18689176.00, 2364.36, 300.00
18697180.00, 2248.88, 300.00
18705188.00, 2247.75, 300.00
18713196.00, 2247.75, 300.00
18721200.00, 2248.88, 300.00
18729208.00, 2247.75, 300.00
18737212.00, 2373.81, 300.00
18745220.00, 2247.75, 300.00
18753228.00, 2247.75, 300.00
18761236.00, 2372.63, 300.00
18769248.00, 2371.44, 300.00
18777256.00, 2247.75, 300.00
18785268.00, 2371.44, 300.00
18793276.00, 2247.75, 300.00
18801284.00, 2372.63, 300.00
18809292.00, 2247.75, 300.00
18817300.00, 2372.63, 300.00
18825308.00, 2247.75, 300.00
18833320.00, 2371.44, 300.00
18841324.00, 2248.88, 300.00
18849332.00, 2247.75, 300.00
18857336.00, 2373.81, 300.00
18865340.00, 2248.88, 300.00
18873352.00, 2246.63, 300.00
18881360.00, 2372.63, 300.00
18889364.00, 2248.88, 300.00
18897396.00, 2365.54, 300.00
18905404.00, 2247.75, 300.00
18913416.00, 2246.63, 300.00
18921424.00, 2372.63, 300.00
18929428.00, 2248.88, 300.00
18937444.00, 2370.26, 300.00
18945452.00, 2247.75, 300.00
18953456.00, 2248.88, 300.00
18961464.00, 2372.63, 300.00
18969472.00, 2247.75, 300.00
18977476.00, 2248.88, 300.00
18985484.00, 2372.63, 300.00
18993492.00, 2247.75, 300.00
19001496.00, 2248.88, 300.00
19009508.00, 2246.63, 300.00
19017516.00, 2247.75, 300.00
19025524.00, 2247.75, 300.00
19033532.00, 2247.75, 300.00
19041536.00, 2248.88, 300.00
19049548.00, 2246.63, 300.00
19057556.00, 2247.75, 300.00
19065560.00, 2373.81, 300.00
19073568.00, 2247.75, 300.00
19081580.00, 2246.63, 300.00
19089592.00, 2246.63, 300.00
19097608.00, 2370.26, 300.00
19105616.00, 2247.75, 300.00
19113624.00, 2372.63, 300.00
19121632.00, 2372.63, 300.00
19129644.00, 2246.63, 300.00
19137652.00, 2372.63, 300.00
19145688.00, 2364.36, 300.00
19153696.00, 2247.75, 300.00
19161708.00, 2371.44, 300.00
19169716.00, 2247.75, 300.00
19177724.00, 2372.63, 300.00
19185732.00, 2247.75, 300.00
19193736.00, 2373.81, 300.00
19201744.00, 2247.75, 300.00
19209776.00, 2241.04, 300.00
19217788.00, 2371.44, 300.00
19225800.00, 2246.63, 300.00
19233812.00, 2371.44, 300.00
19241816.00, 2248.88, 300.00
19249824.00, 2372.63, 300.00
19257832.00, 2247.75, 300.00
19265840.00, 2372.63, 300.00
19273848.00, 2247.75, 300.00
19281860.00, 2371.44, 300.00
19289864.00, 2248.88, 300.00
19297872.00, 2372.63, 300.00
19305880.00, 2247.75, 300.00
19313888.00, 2247.75, 300.00
19321896.00, 2372.63, 300.00
19329904.00, 2247.75, 300.00
19337912.00, 2247.75, 300.00
19345920.00, 2372.63, 300.00
19353928.00, 2247.75, 300.00
19361940.00, 2246.63, 300.00
19369948.00, 2247.75, 300.00
19377956.00, 2247.75, 300.00
19385968.00, 2246.63, 300.00
20394136.00, 2293.27, 0.00
20402144.00, 2247.75, 0.00
20410152.00, 2247.75, 0.00
20418160.00, 2247.75, 0.00
20426172.00, 2121.82, 0.00
20434180.00, 2122.88, 0.00
20442188.00, 1998.00, 0.00
20450200.00, 1997.00, 0.00
20458204.00, 1874.06, 0.00
20466216.00, 1872.19, 0.00
20474224.00, 1748.25, 0.00
20482228.00, 1749.13, 0.00
20490236.00, 1623.38, 0.00
20498240.00, 1624.19, 0.00
20506248.00, 1498.50, 0.00
20514260.00, 1497.75, 0.00
20522264.00, 1499.25, 0.00
20530276.00, 1372.94, 0.00
20538284.00, 1373.63, 0.00
20546288.00, 1374.31, 0.00
20554324.00, 1368.84, 0.00
20562332.00, 1123.88, 0.00
20570344.00, 1248.13, 0.00
20578352.00, 1123.88, 0.00
20586356.00, 1124.44, 0.00
20594364.00, 999.00, 0.00
20602376.00, 998.50, 0.00
20610388.00, 998.50, 0.00
20618400.00, 873.69, 0.00
20626404.00, 749.63, 0.00
20634408.00, 874.56, 0.00
20642416.00, 749.25, 0.00
20650428.00, 624.06, 0.00
20658436.00, 749.25, 0.00
20666444.00, 624.38, 0.00
20674448.00, 499.75, 0.00
20682452.00, 624.69, 0.00
20690460.00, 499.50, 0.00
20698468.00, 374.63, 0.00
20706472.00, 374.81, 0.00
20714476.00, 374.81, 0.00
20722484.00, 374.63, 0.00
20730492.00, 249.75, 0.00
20738500.00, 249.75, 0.00
20746512.00, 124.81, 0.00
20754524.00, 249.63, 0.00
20762532.00, 0.00, 0.00
20770540.00, 124.88, 0.00
20778544.00, 0.00, 0.00
20786552.00, 0.00, 0.00
20794560.00, 0.00, 0.00
20802576.00, -124.75, 0.00
20810588.00, 0.00, 0.00
20818596.00, 0.00, 0.00
20826600.00, -124.94, 0.00
20834608.00, 0.00, 0.00
20842612.00, 0.00, 0.00
20850620.00, 0.00, 0.00
20858628.00, 0.00, 0.00
20866632.00, 0.00, 0.00
20874636.00, 0.00, 0.00
20882640.00, 0.00, 0.00
20890644.00, 0.00, 0.00
20898648.00, 0.00, 0.00
20906660.00, 0.00, 0.00
20914672.00, 0.00, 0.00
20922684.00, 0.00, 0.00
20930692.00, 0.00, 0.00
20938700.00, 0.00, 0.00
20946708.00, 0.00, 0.00
20954716.00, 0.00, 0.00
20962728.00, 0.00, 0.00
20970740.00, 0.00, 0.00
20978752.00, 0.00, 0.00
20986764.00, 0.00, 0.00
20994772.00, 0.00, 0.00
21002784.00, 0.00, 0.00
21010792.00, 0.00, 0.00
21018796.00, 0.00, 0.00
21026800.00, 0.00, 0.00
22029468.00, 0.00, -300.00
22037476.00, 0.00, -300.00
22045484.00, 0.00, -300.00
22053496.00, 0.00, -300.00
22061504.00, 0.00, -300.00
22069516.00, -374.44, -300.00
22077524.00, -749.25, -300.00
22085532.00, -874.13, -300.00
22093540.00, -999.00, -300.00
22101548.00, -1123.88, -300.00
22109556.00, -1248.75, -300.00
22117568.00, -1248.13, -300.00
22125584.00, -1247.51, -300.00
22133588.00, -1374.31, -300.00
22141596.00, -1373.63, -300.00
22149608.00, -1372.94, -300.00
22157616.00, -1373.63, -300.00
22165624.00, -1498.50, -300.00
22173636.00, -1622.57, -300.00
22181644.00, -1498.50, -300.00
22189648.00, -1624.19, -300.00
22197656.00, -1623.38, -300.00
22205664.00, -1623.38, -300.00
22213668.00, -1624.19, -300.00
22221676.00, -1748.25, -300.00
22229684.00, -1748.25, -300.00
22237712.00, -1743.90, -300.00
22245724.00, -1747.38, -300.00
22253728.00, -1749.13, -300.00
22261740.00, -1747.38, -300.00
22269748.00, -1873.13, -300.00
22277756.00, -1748.25, -300.00
22285764.00, -1873.13, -300.00
22293772.00, -1748.25, -300.00
22301776.00, -1874.06, -300.00
22309784.00, -1998.00, -300.00
22317792.00, -1873.13, -300.00
22325796.00, -1874.06, -300.00
22333800.00, -1999.00, -300.00
22341808.00, -1998.00, -300.00
22349816.00, -1873.13, -300.00
22357824.00, -1998.00, -300.00
22365832.00, -1998.00, -300.00
22373836.00, -2123.94, -300.00
22381844.00, -1998.00, -300.00
22389848.00, -2123.94, -300.00
22397856.00, -1998.00, -300.00
22405864.00, -2122.88, -300.00
22413872.00, -2122.88, -300.00
22421880.00, -2122.88, -300.00
22429888.00, -2122.88, -300.00
22437900.00, -2121.82, -300.00
22445908.00, -2122.88, -300.00
22453916.00, -2247.75, -300.00
22461924.00, -2122.88, -300.00
22469932.00, -2122.88, -300.00
22477936.00, -2248.88, -300.00
22485948.00, -2121.82, -300.00
22493952.00, -2248.88, -300.00
22501960.00, -2122.88, -300.00
22509964.00, -2248.88, -300.00
22517976.00, -2121.82, -300.00
22525980.00, -2248.88, -300.00
22533988.00, -2247.75, -300.00
22541992.00, -2248.88, -300.00
22550000.00, -2247.75, -300.00
22558008.00, -2247.75, -300.00
22566012.00, -2248.88, -300.00
22574020.00, -2247.75, -300.00
22582028.00, -2247.75, -300.00
22590056.00, -2366.72, -300.00
22598064.00, -2247.75, -300.00
22606072.00, -2247.75, -300.00
22614080.00, -2247.75, -300.00
22622084.00, -2248.88, -300.00
22630092.00, -2247.75, -300.00
22638100.00, -2247.75, -300.00
22646120.00, -2244.39, -300.00
22654124.00, -2123.94, -300.00
22662132.00, -2247.75, -300.00
22670140.00, -2247.75, -300.00
22678144.00, -2248.88, -300.00
22686152.00, -2247.75, -300.00
22694156.00, -2373.81, -300.00
22702164.00, -2247.75, -300.00
22710176.00, -2246.63, -300.00
22718184.00, -2247.75, -300.00
22726188.00, -2373.81, -300.00
22734196.00, -2247.75, -300.00
22742200.00, -2373.81, -300.00
22750236.00, -2364.36, -300.00
22758240.00, -2248.88, -300.00
22766248.00, -2372.63, -300.00
22774260.00, -2371.44, -300.00
22782268.00, -2372.63, -300.00
22790276.00, -2372.63, -300.00
22798280.00, -2373.81, -300.00
22806284.00, -2373.81, -300.00
22814292.00, -2372.63, -300.00
22822300.00, -2372.63, -300.00
22830304.00, -2373.81, -300.00
22838312.00, -2247.75, -300.00
22846324.00, -2371.44, -300.00
22854332.00, -2372.63, -300.00
22862340.00, -2372.63, -300.00
22870352.00, -2371.44, -300.00
22878380.00, -2491.28, -300.00
22886392.00, -2371.44, -300.00
22894404.00, -2371.44, -300.00
22902412.00, -2372.63, -300.00
22910424.00, -2371.44, -300.00
22918432.00, -2497.50, -300.00
22926444.00, -2371.44, -300.00
22934452.00, -2372.63, -300.00
22942460.00, -2372.63, -300.00
22950468.00, -2372.63, -300.00
22958476.00, -2372.63, -300.00
22966480.00, -2373.81, -300.00
22974492.00, -2371.44, -300.00
22982504.00, -2371.44, -300.00
22990516.00, -2246.63, -300.00
22998524.00, -2372.63, -300.00
23006536.00, -2371.44, -300.00
23014540.00, -2373.81, -300.00
23022548.00, -2247.75, -300.00
23030556.00, -2372.63, -300.00
23038568.00, -2371.44, -300.00
23046576.00, -2372.63, -300.00
23054584.00, -2372.63, -300.00
23062596.00, -2371.44, -300.00
23070604.00, -2372.63, -300.00
23078612.00, -2372.63, -300.00
23086616.00, -2498.75, -300.00
23094628.00, -2371.44, -300.00
23102636.00, -2372.63, -300.00
23110644.00, -2497.50, -300.00
23118656.00, -2371.44, -300.00
23126664.00, -2372.63, -300.00
23134672.00, -2497.50, -300.00
23142676.00, -2373.81, -300.00
23150684.00, -2372.63, -300.00
23158704.00, -2493.77, -300.00
23166708.00, -2373.81, -300.00
23174720.00, -2371.44, -300.00
23182732.00, -2371.44, -300.00
23190740.00, -2372.63, -300.00
23198756.00, -2495.01, -300.00
23206760.00, -2373.81, -300.00
23214768.00, -2372.63, -300.00
23222780.00, -2371.44, -300.00
23230788.00, -2497.50, -300.00
23238796.00, -2372.63, -300.00
23246800.00, -2373.81, -300.00
23254808.00, -2497.50, -300.00
23262816.00, -2372.63, -300.00
23270824.00, -2497.50, -300.00
23278832.00, -2372.63, -300.00
23286836.00, -2373.81, -300.00
23294840.00, -2373.81, -300.00
23302848.00, -2372.63, -300.00
23310856.00, -2372.63, -300.00
23318864.00, -2372.63, -300.00
23326868.00, -2373.81, -300.00
23334872.00, -2373.81, -300.00
23342888.00, -2370.26, -300.00
23350900.00, -2246.63, -300.00
23358912.00, -2496.26, -300.00
23366924.00, -2371.44, -300.00
23374932.00, -2372.63, -300.00
23382940.00, -2372.63, -300.00
23390948.00, -2372.63, -300.00
23398960.00, -2371.44, -300.00
23406964.00, -2498.75, -300.00
23414972.00, -2372.63, -300.00
23423016.00, -2486.33, -300.00
23431020.00, -2373.81, -300.00
23439024.00, -2498.75, -300.00
23447036.00, -2371.44, -300.00
23455040.00, -2498.75, -300.00
23463048.00, -2372.63, -300.00
23471056.00, -2497.50, -300.00
23479064.00, -2372.63, -300.00
23487072.00, -2497.50, -300.00
23495084.00, -2371.44, -300.00
23503096.00, -2496.26, -300.00
23511108.00, -2371.44, -300.00
23519116.00, -2372.63, -300.00
23527120.00, -2498.75, -300.00
23535128.00, -2372.63, -300.00
23543136.00, -2497.50, -300.00
23551148.00, -2371.44, -300.00
23559184.00, -2488.80, -300.00
23567192.00, -2372.63, -300.00
23575200.00, -2497.50, -300.00
23583212.00, -2371.44, -300.00
23591220.00, -2497.50, -300.00
24593584.00, -2414.29, 700.00
24601588.00, -2373.81, 700.00
24609612.00, -2367.90, 700.00
24617616.00, -1749.13, 700.00
24625624.00, -374.63, 700.00
24633628.00, 1249.38, 700.00
24641640.00, 2371.44, 700.00
24649648.00, 2747.25, 700.00
24657660.00, 2870.69, 700.00
24665672.00, 2870.69, 700.00
24673676.00, 3248.38, 700.00
24681684.00, 3496.50, 700.00
24689696.00, 3619.57, 700.00
24697700.00, 3748.13, 700.00
24705736.00, 3857.64, 700.00
24713740.00, 3748.13, 700.00
24721748.00, 3871.13, 700.00
24729752.00, 3873.06, 700.00
24737772.00, 4114.71, 700.00
24745780.00, 3996.00, 700.00
24753784.00, 4122.94, 700.00
24761788.00, 4247.88, 700.00
24769796.00, 4120.88, 700.00
24777804.00, 4245.75, 700.00
24785812.00, 4370.63, 700.00
24793844.00, 4357.57, 700.00
24801848.00, 4247.88, 700.00
24809856.00, 4370.63, 700.00
24817860.00, 4372.81, 700.00
24825872.00, 4368.45, 700.00
24833884.00, 4368.45, 700.00
24841892.00, 4495.50, 700.00
24849900.00, 4495.50, 700.00
24857908.00, 4620.38, 700.00
24865920.00, 4742.89, 700.00
24873928.00, 4620.38, 700.00
24881936.00, 4745.25, 700.00
24889948.00, 4742.89, 700.00
24897956.00, 4745.25, 700.00
24905960.00, 4747.63, 700.00
24913968.00, 4745.25, 700.00
24921976.00, 4745.25, 700.00
24929984.00, 4870.13, 700.00
24937992.00, 4870.13, 700.00
24946000.00, 4870.13, 700.00
24954008.00, 4870.13, 700.00
24962016.00, 4870.13, 700.00
24970024.00, 4870.13, 700.00
24978032.00, 4870.13, 700.00
24986040.00, 4745.25, 700.00
24994048.00, 4870.13, 700.00
25002060.00, 4742.89, 700.00
25010072.00, 4867.70, 700.00
25018080.00, 4870.13, 700.00
25026084.00, 4997.50, 700.00
25034096.00, 4992.51, 700.00
25042108.00, 4992.51, 700.00
25050124.00, 5114.77, 700.00
25058128.00, 4997.50, 700.00
25066140.00, 4992.51, 700.00
25074144.00, 4997.50, 700.00
25082152.00, 4995.00, 700.00
25090184.00, 5104.58, 700.00
25098192.00, 4995.00, 700.00
25106200.00, 5119.88, 700.00
25114208.00, 4995.00, 700.00
25122224.00, 5114.77, 700.00
25130236.00, 4992.51, 700.00
25138244.00, 4995.00, 700.00
25146276.00, 4980.08, 700.00
25154284.00, 4870.13, 700.00
25162288.00, 4997.50, 700.00
25170292.00, 4997.50, 700.00
25178304.00, 4992.51, 700.00
25186320.00, 5114.77, 700.00
25194324.00, 5122.44, 700.00
25202332.00, 5119.88, 700.00
25210336.00, 5122.44, 700.00
25218344.00, 5119.88, 700.00
25226356.00, 4992.51, 700.00
25234360.00, 5122.44, 700.00
25242372.00, 5117.32, 700.00
25250404.00, 5229.08, 700.00
25258408.00, 5122.44, 700.00
25266412.00, 5122.44, 700.00
25274416.00, 5122.44, 700.00
25282448.00, 5104.58, 700.00
25290460.00, 4992.51, 700.00
25298472.00, 5117.32, 700.00
25306484.00, 4992.51, 700.00
25314496.00, 4992.51, 700.00
25322512.00, 4990.02, 700.00
25330520.00, 4995.00, 700.00
25338528.00, 5119.88, 700.00
25346536.00, 5119.88, 700.00
25354544.00, 5119.88, 700.00
25362552.00, 5244.76, 700.00
25370560.00, 5119.88, 700.00
25378564.00, 5122.44, 700.00
25386568.00, 5122.44, 700.00
25394572.00, 5122.44, 700.00
25402580.00, 5119.88, 700.00
25410592.00, 5242.14, 700.00
25418596.00, 5122.44, 700.00
25426600.00, 5122.44, 700.00
25434612.00, 5117.32, 700.00
25442624.00, 5117.32, 700.00
25450628.00, 5122.44, 700.00
25458636.00, 4995.00, 700.00
25466640.00, 4997.50, 700.00
25474668.00, 5107.12, 700.00
25482680.00, 4992.51, 700.00
25490712.00, 5104.58, 700.00
25498720.00, 5119.88, 700.00
26502324.00, 5106.60, -700.00
26510332.00, 5119.88, -700.00
26518336.00, 4872.56, -700.00
26526344.00, 3746.25, -700.00
26534348.00, 1374.31, -700.00
26542352.00, -374.81, -700.00
26550360.00, -1498.50, -700.00
26558392.00, -1992.03, -700.00
26566400.00, -2622.38, -700.00
26574436.00, -3359.88, -700.00
26582448.00, -3619.57, -700.00
26590452.00, -3623.19, -700.00
26598484.00, -3610.56, -700.00
26606488.00, -3873.06, -700.00
26614512.00, -3863.41, -700.00
26622544.00, -3859.56, -700.00
26630552.00, -3871.13, -700.00
26638560.00, -3996.00, -700.00
26646568.00, -3996.00, -700.00
26654600.00, -4108.57, -700.00
26662612.00, -4118.82, -700.00
26670616.00, -4122.94, -700.00
26678624.00, -4245.75, -700.00
26686632.00, -4245.75, -700.00
26694640.00, -4245.75, -700.00
26702648.00, -4245.75, -700.00
26710652.00, -4372.81, -700.00
26718664.00, -4243.63, -700.00
26726672.00, -4370.63, -700.00
26734676.00, -4497.75, -700.00
26742684.00, -4370.63, -700.00
26750692.00, -4495.50, -700.00
26758704.00, -4618.07, -700.00
26766712.00, -4620.38, -700.00
26774744.00, -4731.08, -700.00
26782772.00, -4733.43, -700.00
26790780.00, -4745.25, -700.00
26798788.00, -4745.25, -700.00
26806796.00, -4745.25, -700.00
26814804.00, -4745.25, -700.00
26822808.00, -4872.56, -700.00
26830836.00, -4858.00, -700.00
26838840.00, -4872.56, -700.00
26846844.00, -4872.56, -700.00
26854856.00, -4867.70, -700.00
26862864.00, -4870.13, -700.00
26870876.00, -4867.70, -700.00
26878884.00, -4870.13, -700.00
26886892.00, -4745.25, -700.00
26894904.00, -4867.70, -700.00
26902908.00, -4872.56, -700.00
26910912.00, -4872.56, -700.00
26918948.00, -4977.60, -700.00
26926960.00, -4867.70, -700.00
26934992.00, -5104.58, -700.00
26943000.00, -4995.00, -700.00
26951004.00, -5122.44, -700.00
26959012.00, -4995.00, -700.00
26967020.00, -5119.88, -700.00
26975024.00, -4997.50, -700.00
26983032.00, -5119.88, -700.00
26991036.00, -4997.50, -700.00
26999044.00, -5119.88, -700.00
27007056.00, -5117.32, -700.00
27015064.00, -5119.88, -700.00
27023100.00, -5102.04, -700.00
27031104.00, -4997.50, -700.00
27039108.00, -4997.50, -700.00
27047116.00, -4995.00, -700.00
27055124.00, -4995.00, -700.00
27063132.00, -4995.00, -700.00
27071140.00, -4995.00, -700.00
27079152.00, -4992.51, -700.00
27087160.00, -5119.88, -700.00
27095172.00, -5117.32, -700.00
27103184.00, -5242.14, -700.00
27111196.00, -5117.32, -700.00
27119208.00, -5242.14, -700.00
27127220.00, -5117.32, -700.00
27135224.00, -5122.44, -700.00
27143232.00, -5119.88, -700.00
27151240.00, -5244.76, -700.00
27159272.00, -5229.08, -700.00
27167284.00, -5117.32, -700.00
27175300.00, -5239.52, -700.00
27183316.00, -5114.77, -700.00
27191320.00, -4997.50, -700.00
27199328.00, -5119.88, -700.00
27207352.00, -5109.67, -700.00
27215364.00, -4992.51, -700.00
27223372.00, -5119.88, -700.00
27231380.00, -5119.88, -700.00
27239408.00, -5107.12, -700.00
27247412.00, -5122.44, -700.00
27255420.00, -5244.76, -700.00
27263428.00, -5244.76, -700.00
27271440.00, -5117.32, -700.00
27279448.00, -5244.76, -700.00
27287464.00, -5239.52, -700.00
27295476.00, -5117.32, -700.00
27303484.00, -5244.76, -700.00
27311512.00, -5231.69, -700.00
27319540.00, -5231.69, -700.00
27327552.00, -5117.32, -700.00
27335576.00, -5234.30, -700.00
27343604.00, -5107.12, -700.00
27351616.00, -4992.51, -700.00
27359628.00, -5117.32, -700.00
27367636.00, -5119.88, -700.00
27375668.00, -5104.58, -700.00
27383684.00, -5114.77, -700.00
27391688.00, -5122.44, -700.00
27399696.00, -5119.88, -700.00
27407704.00, -5244.76, -700.00
27415716.00, -5242.14, -700.00
27423728.00, -5242.14, -700.00
27431736.00, -5119.88, -700.00
27439744.00, -5244.76, -700.00
27447752.00, -5244.76, -700.00
27455780.00, -5107.12, -700.00
27463812.00, -5353.59, -700.00
27471840.00, -5231.69, -700.00
27479872.00, -5229.08, -700.00
27487880.00, -5119.88, -700.00
27495892.00, -5117.32, -700.00
27503900.00, -5119.88, -700.00
27511928.00, -5107.12, -700.00
27519936.00, -4995.00, -700.00
27527948.00, -5117.32, -700.00
27535952.00, -5122.44, -700.00
27543956.00, -5122.44, -700.00
27551968.00, -5117.32, -700.00
27559980.00, -5242.14, -700.00
27567988.00, -5244.76, -700.00
27576004.00, -5239.52, -700.00
27584008.00, -5247.38, -700.00
27592012.00, -5122.44, -700.00
27600020.00, -5244.76, -700.00
27608040.00, -5236.91, -700.00
27616044.00, -5122.44, -700.00
27624048.00, -5247.38, -700.00
27632052.00, -5247.38, -700.00
27640060.00, -5244.76, -700.00
27648064.00, -5122.44, -700.00
27656076.00, -5117.32, -700.00
27664084.00, -5119.88, -700.00
27672092.00, -5119.88, -700.00
27680100.00, -4995.00, -700.00
27688104.00, -5122.44, -700.00
27696112.00, -5119.88, -700.00
27704148.00, -5226.48, -700.00
27712156.00, -5119.88, -700.00
27720160.00, -5247.38, -700.00
27728164.00, -5247.38, -700.00
27736168.00, -5247.38, -700.00
27744176.00, -5244.76, -700.00
27752208.00, -5229.08, -700.00
27760220.00, -5117.32, -700.00
27768228.00, -5244.76, -700.00
27776232.00, -5247.38, -700.00
27784240.00, -5244.76, -700.00
27792252.00, -5242.14, -700.00
27800264.00, -5117.32, -700.00
27808268.00, -5122.44, -700.00
27816272.00, -5122.44, -700.00
27824280.00, -4995.00, -700.00
27832288.00, -5119.88, -700.00
27840292.00, -5122.44, -700.00
27848296.00, -5122.44, -700.00
27856304.00, -5119.88, -700.00
27864320.00, -5239.52, -700.00
27872344.00, -5234.30, -700.00
27880352.00, -5244.76, -700.00
27888364.00, -5242.14, -700.00
27896372.00, -5244.76, -700.00
27904376.00, -5122.44, -700.00
27912380.00, -5247.38, -700.00
27920392.00, -5242.14, -700.00
27928396.00, -5247.38, -700.00
27936412.00, -5239.52, -700.00
27944432.00, -5236.91, -700.00
27952440.00, -5119.88, -700.00
27960448.00, -5119.88, -700.00
27968460.00, -5117.32, -700.00
27976468.00, -5119.88, -700.00
27984492.00, -5109.67, -700.00
27992500.00, -4995.00, -700.00
28000508.00, -5119.88, -700.00
28008520.00, -5117.32, -700.00
28016532.00, -5242.14, -700.00
28024544.00, -5117.32, -700.00
28032568.00, -5358.92, -700.00
28040572.00, -5247.38, -700.00
28048580.00, -5244.76, -700.00
28056592.00, -5117.32, -700.00
28064596.00, -5247.38, -700.00
28072608.00, -5242.14, -700.00
28080628.00, -5236.91, -700.00
28088636.00, -5244.76, -700.00
28096660.00, -5234.30, -700.00
28104668.00, -5119.88, -700.00
28112688.00, -5236.91, -700.00
28120720.00, -5104.58, -700.00
28128728.00, -4995.00, -700.00
28136732.00, -5122.44, -700.00
28144744.00, -5117.32, -700.00
28152752.00, -5119.88, -700.00
28160760.00, -5119.88, -700.00
28168768.00, -5119.88, -700.00
28176772.00, -5247.38, -700.00
28184776.00, -5247.38, -700.00
28192780.00, -5247.38, -700.00
28200784.00, -5247.38, -700.00
28208788.00, -5247.38, -700.00
28216796.00, -5119.88, -700.00
28224804.00, -5244.76, -700.00
28232824.00, -5236.91, -700.00
28240860.00, -5226.48, -700.00
28248880.00, -5236.91, -700.00
28256892.00, -5117.32, -700.00
28264900.00, -5244.76, -700.00
28272916.00, -5114.77, -700.00
28280924.00, -4995.00, -700.00
28288932.00, -5119.88, -700.00
28296940.00, -5119.88, -700.00
28304956.00, -5114.77, -700.00
28312968.00, -5117.32, -700.00
28320976.00, -5119.88, -700.00
28328984.00, -5119.88, -700.00
28337020.00, -5226.48, -700.00
28345028.00, -5369.63, -700.00
28353036.00, -5244.76, -700.00
28361044.00, -5244.76, -700.00
28369048.00, -5247.38, -700.00
28377056.00, -5119.88, -700.00
29380780.00, -5198.64, 0.00
29388788.00, -5119.88, 0.00
29396800.00, -5242.14, 0.00
29404808.00, -5119.88, 0.00
29412816.00, -5119.88, 0.00
29420820.00, -4997.50, 0.00
29428828.00, -4995.00, 0.00
29436832.00, -4872.56, 0.00
29444840.00, -4870.13, 0.00
29452848.00, -4745.25, 0.00
29460852.00, -4747.63, 0.00
29468860.00, -4620.38, 0.00
29476876.00, -4615.77, 0.00
29484884.00, -4620.38, 0.00
29492892.00, -4495.50, 0.00
29500904.00, -4368.45, 0.00
29508912.00, -4370.63, 0.00
29516920.00, -4120.88, 0.00
29524932.00, -4118.82, 0.00
29532944.00, -3994.01, 0.00
29540976.00, -3859.56, 0.00
29548984.00, -3996.00, 0.00
29556988.00, -3748.13, 0.00
29564996.00, -3871.13, 0.00
29573008.00, -3744.38, 0.00
29581012.00, -3748.13, 0.00
29589016.00, -3623.19, 0.00
29597024.00, -3746.25, 0.00
29605028.00, -3623.19, 0.00
29613040.00, -3494.76, 0.00
29621048.00, -3496.50, 0.00
29629052.00, -3498.25, 0.00
29637064.00, -3369.94, 0.00
29645076.00, -3369.94, 0.00
29653080.00, -3248.38, 0.00
29661088.00, -3246.75, 0.00
29669096.00, -3121.88, 0.00
29677108.00, -3120.32, 0.00
29685116.00, -2997.00, 0.00
29693124.00, -2997.00, 0.00
29701132.00, -2997.00, 0.00
29709140.00, -2747.25, 0.00
29717148.00, -2872.13, 0.00
29725152.00, -2623.69, 0.00
29733160.00, -2622.38, 0.00
29741164.00, -2623.69, 0.00
29749172.00, -2497.50, 0.00
29757176.00, -2373.81, 0.00
29765180.00, -2373.81, 0.00
29773192.00, -2371.44, 0.00
29781200.00, -2247.75, 0.00
29789208.00, -2247.75, 0.00
29797212.00, -2123.94, 0.00
29805216.00, -2123.94, 0.00
29813228.00, -2121.82, 0.00
29821240.00, -1997.00, 0.00
29829244.00, -1999.00, 0.00
29837248.00, -1874.06, 0.00
29845256.00, -1873.13, 0.00
29853260.00, -1874.06, 0.00
29861272.00, -1747.38, 0.00
29869280.00, -1748.25, 0.00
29877292.00, -1622.57, 0.00
29885300.00, -1623.38, 0.00
29893312.00, -1622.57, 0.00
29901320.00, -1498.50, 0.00
29909332.00, -1497.75, 0.00
29917340.00, -1498.50, 0.00
29925352.00, -1372.94, 0.00
29933360.00, -1248.75, 0.00
29941372.00, -1372.94, 0.00
29949376.00, -1249.38, 0.00
29957408.00, -1245.02, 0.00
29965416.00, -1123.88, 0.00
29973424.00, -1123.88, 0.00
29981432.00, -999.00, 0.00
29989440.00, -999.00, 0.00
29997456.00, -998.00, 0.00
30005464.00, -874.13, 0.00
30013472.00, -874.13, 0.00
30021484.00, -748.88, 0.00
30029492.00, -874.13, 0.00
30037504.00, -748.88, 0.00
30045512.00, -624.38, 0.00
30053520.00, -624.38, 0.00
30061528.00, -624.38, 0.00
30069536.00, -624.38, 0.00
30077540.00, -499.75, 0.00
30085548.00, -374.63, 0.00
30093556.00, -499.50, 0.00
30101560.00, -374.81, 0.00
30109568.00, -374.63, 0.00
30117580.00, -249.63, 0.00
30125588.00, -249.75, 0.00
30133600.00, -249.63, 0.00
30141608.00, -124.88, 0.00
30149612.00, -124.94, 0.00
30157620.00, -124.88, 0.00
30165632.00, -124.81, 0.00
30173636.00, 0.00, 0.00
30181648.00, 0.00, 0.00
30189652.00, 0.00, 0.00
30197660.00, 0.00, 0.00
30205668.00, 0.00, 0.00
30213676.00, 0.00, 0.00
30221684.00, 0.00, 0.00
30229688.00, 0.00, 0.00
30237704.00, 0.00, 0.00
30245712.00, 0.00, 0.00
30253716.00, 0.00, 0.00
30261724.00, 0.00, 0.00
30269732.00, 0.00, 0.00
30277740.00, 0.00, 0.00
30285748.00, 0.00, 0.00
30293756.00, 0.00, 0.00
30301764.00, 0.00, 0.00
30309772.00, 0.00, 0.00
30317780.00, 0.00, 0.00
30325788.00, 0.00, 0.00
30333796.00, 0.00, 0.00
30341804.00, 0.00, 0.00
30349812.00, 0.00, 0.00
30357820.00, 0.00, 0.00
30365828.00, 0.00, 0.00
30373836.00, 0.00, 0.00
30381844.00, 0.00, 0.00
30389852.00, 0.00, 0.00
30397860.00, 0.00, 0.00
30405868.00, 0.00, 0.00
30413872.00, 0.00, 0.00
30421880.00, 0.00, 0.00
30429888.00, 0.00, 0.00
30437892.00, 0.00, 0.00
30445900.00, 0.00, 0.00
30453908.00, 0.00, 0.00
30461916.00, 0.00, 0.00
30469924.00, 0.00, 0.00
30477932.00, 0.00, 0.00
30485940.00, 0.00, 0.00
30493944.00, 0.00, 0.00
30501952.00, 0.00, 0.00
30509960.00, 0.00, 0.00
30517968.00, 0.00, 0.00
30525976.00, 0.00, 0.00
30533984.00, 0.00, 0.00
30541992.00, 0.00, 0.00
30550000.00, 0.00, 0.00
30558008.00, 0.00, 0.00
30566016.00, 0.00, 0.00
30574024.00, 0.00, 0.00
30582032.00, 0.00, 0.00
30590040.00, 0.00, 0.00
30598048.00, 0.00, 0.00
30606056.00, 0.00, 0.00
30614064.00, 0.00, 0.00
30622072.00, 0.00, 0.00
30630080.00, 0.00, 0.00
30638096.00, 0.00, 0.00
30646104.00, 0.00, 0.00
30654112.00, 0.00, 0.00
30662120.00, 0.00, 0.00
30670128.00, 0.00, 0.00
30678136.00, 0.00, 0.00
30686144.00, 0.00, 0.00
30694152.00, 0.00, 0.00
30702160.00, 0.00, 0.00
30710168.00, 0.00, 0.00
30718176.00, 0.00, 0.00
30726188.00, 0.00, 0.00
30734192.00, 0.00, 0.00
30742200.00, 0.00, 0.00
30750204.00, 0.00, 0.00
30758212.00, 0.00, 0.00
30766220.00, 0.00, 0.00
30774228.00, 0.00, 0.00
30782232.00, 0.00, 0.00
30790240.00, 0.00, 0.00
30798248.00, 0.00, 0.00
30806256.00, 0.00, 0.00
30814260.00, 0.00, 0.00
30822268.00, 0.00, 0.00
30830276.00, 0.00, 0.00
30838280.00, 0.00, 0.00
30846288.00, 0.00, 0.00
30854296.00, 0.00, 0.00
30862304.00, 0.00, 0.00
30870308.00, 0.00, 0.00
30878316.00, 0.00, 0.00
30886324.00, 0.00, 0.00
30894332.00, 0.00, 0.00
30902336.00, 0.00, 0.00
30910348.00, 0.00, 0.00
30918352.00, 0.00, 0.00
30926360.00, 0.00, 0.00
30934368.00, 0.00, 0.00
30942376.00, 0.00, 0.00
30950384.00, 0.00, 0.00
30958392.00, 0.00, 0.00
30966400.00, 0.00, 0.00
30974408.00, 0.00, 0.00
30982412.00, 0.00, 0.00
30990420.00, 0.00, 0.00
30998428.00, 0.00, 0.00
