// This data is used to show the mapping from input to output when under no load.
// There is a dead zone region, and the mapping may not be linear.
// Ticks / second; Input (PWM units -1024 -> 1024)
-7.00, -500.00
0.00, -500.00
-179.47, -500.00
-1056.34, -500.00
-1837.59, -500.00
-2359.31, -500.00
-2615.97, -500.00
-2704.12, -500.00
-2786.49, -500.00
-2961.67, -500.00
-2965.81, -500.00
-2963.74, -500.00
-3218.51, -500.00
-3226.37, -500.00
-3130.43, -500.00
-3219.63, -500.00
-3297.47, -500.00
-3386.59, -500.00
-3218.51, -500.00
-3219.63, -500.00
-3174.33, -490.00
-3654.72, -490.00
-3906.25, -490.00
-3822.10, -490.00
-3555.32, -490.00
-3563.98, -490.00
-3908.96, -490.00
-3993.06, -490.00
-3991.67, -490.00
-3902.19, -490.00
-3903.54, -490.00
-3904.89, -490.00
-3987.52, -490.00
-4079.86, -490.00
-3906.25, -490.00
-3906.25, -490.00
-4000.00, -490.00
-3814.15, -490.00
-3565.22, -490.00
-3986.14, -490.00
-4358.97, -480.00
-4332.76, -480.00
-3891.39, -480.00
-3910.32, -480.00
-4329.75, -480.00
-4499.83, -480.00
-4249.05, -480.00
-4079.86, -480.00
-3993.06, -480.00
-4246.10, -480.00
-4331.25, -480.00
-4077.03, -480.00
-3993.06, -480.00
-4152.25, -480.00
-3903.54, -480.00
-3811.50, -480.00
-4089.80, -480.00
-4594.31, -480.00
-4329.75, -480.00
-3984.75, -480.00
-4028.11, -470.00
-4414.82, -470.00
-4502.94, -470.00
-4332.76, -470.00
-4078.44, -470.00
-4156.56, -470.00
-4329.75, -470.00
-4246.10, -470.00
-4071.38, -470.00
-4077.03, -470.00
-4079.86, -470.00
-3818.12, -470.00
-3822.10, -470.00
-4337.27, -470.00
-4583.19, -470.00
-4165.22, -470.00
-3904.89, -470.00
-4165.22, -470.00
-4504.50, -470.00
-4420.94, -470.00
-4108.18, -460.00
-4072.79, -460.00
-4246.10, -460.00
-4338.77, -460.00
-4156.56, -460.00
-4072.79, -460.00
-4079.86, -460.00
-3990.28, -460.00
-3816.79, -460.00
-4000.00, -460.00
-4434.78, -460.00
-4416.35, -460.00
-4068.56, -460.00
-3913.04, -460.00
-4341.79, -460.00
-4499.83, -460.00
-4250.52, -460.00
-4155.12, -460.00
-4071.38, -460.00
-4163.78, -460.00
-4276.43, -450.00
-4150.81, -450.00
-3990.28, -450.00
-4077.03, -450.00
-3819.44, -450.00
-3820.77, -450.00
-4074.20, -450.00
-4506.07, -450.00
-4247.57, -450.00
-3896.78, -450.00
-3991.67, -450.00
-4332.76, -450.00
-4498.27, -450.00
-4163.78, -450.00
-4075.62, -450.00
-4079.86, -450.00
-4250.52, -450.00
-4162.33, -450.00
-3988.90, -450.00
-3995.83, -450.00
-4025.35, -440.00
-3815.47, -440.00
-3653.44, -440.00
-4166.67, -440.00
-4495.16, -440.00
-4163.78, -440.00
-3818.12, -440.00
-3991.67, -440.00
-4337.27, -440.00
-4335.76, -440.00
-4163.78, -440.00
-3993.06, -440.00
-3990.28, -440.00
-4241.69, -440.00
-4166.67, -440.00
-3984.75, -440.00
-3910.32, -440.00
-4071.38, -440.00
-3731.34, -440.00
-3732.64, -440.00
-4099.76, -430.00
-4427.08, -430.00
-4162.33, -430.00
-3736.53, -430.00
-3991.67, -430.00
-4332.76, -430.00
-4250.52, -430.00
-4068.56, -430.00
-3990.28, -430.00
-3984.75, -430.00
-4078.44, -430.00
-4077.03, -430.00
-3906.25, -430.00
-3904.89, -430.00
-3991.67, -430.00
-3735.23, -430.00
-3565.22, -430.00
-3826.09, -430.00
-4335.76, -430.00
-4243.16, -430.00
-3764.54, -420.00
-3737.83, -420.00
-4165.22, -420.00
-4250.52, -420.00
-4078.44, -420.00
-3906.25, -420.00
-3899.48, -420.00
-3911.68, -420.00
-4078.44, -420.00
-3906.25, -420.00
-3731.34, -420.00
-3904.89, -420.00
-3819.44, -420.00
-3480.68, -420.00
-3478.26, -420.00
-3988.90, -420.00
-4256.43, -420.00
-3906.25, -420.00
-3644.57, -420.00
-3737.83, -420.00
-4028.11, -410.00
-4150.81, -410.00
-3906.25, -410.00
-3739.13, -410.00
-3819.44, -410.00
-3904.89, -410.00
-3991.67, -410.00
-3733.94, -410.00
-3732.64, -410.00
-3816.79, -410.00
-3819.44, -410.00
-3478.26, -410.00
-3480.68, -410.00
-3826.09, -410.00
-4238.75, -410.00
-3906.25, -410.00
-3566.46, -410.00
-3653.44, -410.00
-4068.56, -410.00
-3993.06, -410.00
-3858.02, -400.00
-3819.44, -400.00
-3818.12, -400.00
-3824.76, -400.00
-3907.61, -400.00
-3736.53, -400.00
-3731.34, -400.00
-3739.13, -400.00
-3732.64, -400.00
-3556.56, -400.00
-3388.95, -400.00
-3740.43, -400.00
-4081.28, -400.00
-3991.67, -400.00
-3643.30, -400.00
-3568.94, -400.00
-3988.90, -400.00
-3986.14, -400.00
-3988.90, -400.00
-3820.77, -400.00
-3771.00, -390.00
-3744.34, -390.00
-3903.54, -390.00
-3820.77, -390.00
-3728.75, -390.00
-3650.90, -390.00
-3812.82, -390.00
-3565.22, -390.00
-3305.50, -390.00
-3563.98, -390.00
-3913.04, -390.00
-4077.03, -390.00
-3653.44, -390.00
-3479.47, -390.00
-3731.34, -390.00
-3994.44, -390.00
-3899.48, -390.00
-3737.83, -390.00
-3650.90, -390.00
-3736.53, -390.00
-3691.62, -380.00
-3816.79, -380.00
-3731.34, -380.00
-3565.22, -380.00
-3653.44, -380.00
-3653.44, -380.00
-3401.95, -380.00
-3308.95, -380.00
-3566.46, -380.00
-3986.14, -380.00
-3818.12, -380.00
-3557.79, -380.00
-3392.48, -380.00
-3731.34, -380.00
-3898.13, -380.00
-3740.43, -380.00
-3652.17, -380.00
-3652.17, -380.00
-3572.67, -380.00
-3644.57, -380.00
-3689.09, -370.00
-3567.70, -370.00
-3480.68, -370.00
-3568.94, -370.00
-3570.18, -370.00
-3385.42, -370.00
-3217.39, -370.00
-3398.40, -370.00
-3831.42, -370.00
-3826.09, -370.00
-3478.26, -370.00
-3393.66, -370.00
-3566.46, -370.00
-3740.43, -370.00
-3731.34, -370.00
-3648.37, -370.00
-3566.46, -370.00
-3567.70, -370.00
-3560.26, -370.00
-3645.83, -370.00
-3602.06, -360.00
-3484.32, -360.00
-3475.84, -360.00
-3563.98, -360.00
-3479.47, -360.00
-3138.08, -360.00
-3219.63, -360.00
-3477.05, -360.00
-3812.82, -360.00
-3647.10, -360.00
-3307.80, -360.00
-3306.65, -360.00
-3566.46, -360.00
-3732.64, -360.00
-3565.22, -360.00
-3477.05, -360.00
-3567.70, -360.00
-3393.66, -360.00
-3477.05, -360.00
-3480.68, -360.00
-3511.48, -350.00
-3303.20, -350.00
-3394.85, -350.00
-3391.30, -350.00
-3384.24, -350.00
-3133.70, -350.00
-3053.04, -350.00
-3392.48, -350.00
-3654.72, -350.00
-3565.22, -350.00
-3303.20, -350.00
-3227.49, -350.00
-3399.58, -350.00
-3478.26, -350.00
-3472.22, -350.00
-3394.85, -350.00
-3480.68, -350.00
-3391.30, -350.00
-3304.35, -350.00
-3312.41, -350.00
-3428.18, -340.00
-3303.20, -340.00
-3131.52, -340.00
-3308.95, -340.00
-3305.50, -340.00
-3218.51, -340.00
-2875.57, -340.00
-2963.74, -340.00
-3304.35, -340.00
-3479.47, -340.00
-3391.30, -340.00
-3131.52, -340.00
-3129.35, -340.00
-3224.12, -340.00
-3390.13, -340.00
-3384.24, -340.00
-3225.24, -340.00
-3307.80, -340.00
-3304.35, -340.00
-3135.89, -340.00
-3093.85, -330.00
-3305.50, -330.00
-3305.50, -330.00
-3058.37, -330.00
-3051.97, -330.00
-3139.17, -330.00
-3219.63, -330.00
-3040.31, -330.00
-2787.46, -330.00
-2875.57, -330.00
-3307.80, -330.00
-3478.26, -330.00
-3225.24, -330.00
-2962.70, -330.00
-2966.84, -330.00
-3138.08, -330.00
-3388.95, -330.00
-3223.00, -330.00
-3133.70, -330.00
-3219.63, -330.00
-3259.01, -320.00
-3049.84, -320.00
-3051.97, -320.00
-3139.17, -320.00
-3217.39, -320.00
-3050.91, -320.00
-2956.52, -320.00
-3051.97, -320.00
-3139.17, -320.00
-2961.67, -320.00
-2700.35, -320.00
-2788.43, -320.00
-3051.97, -320.00
-3305.50, -320.00
-3217.39, -320.00
-3042.42, -320.00
-2790.37, -320.00
-2965.81, -320.00
-3217.39, -320.00
-3138.08, -320.00
-3090.66, -310.00
-3043.48, -310.00
-3130.43, -310.00
-3049.84, -310.00
-2957.55, -310.00
-2957.55, -310.00
-3058.37, -310.00
-3131.52, -310.00
-2875.57, -310.00
-2787.46, -310.00
-2963.74, -310.00
-3125.00, -310.00
-2791.35, -310.00
-2695.65, -310.00
-2619.63, -310.00
-2963.74, -310.00
-3139.17, -310.00
-3131.52, -310.00
-2956.52, -310.00
-2868.57, -310.00
-2751.98, -300.00
-3042.42, -300.00
-3129.35, -300.00
-3049.84, -300.00
-2965.81, -300.00
-2962.70, -300.00
-3043.48, -300.00
-2951.39, -300.00
-2701.29, -300.00
-2956.52, -300.00
-3050.91, -300.00
-2955.49, -300.00
-2703.17, -300.00
-2702.23, -300.00
-2954.47, -300.00
-2955.49, -300.00
-2700.35, -300.00
-2528.78, -300.00
-2615.06, -300.00
-2876.57, -300.00
-3091.72, -290.00
-2956.52, -290.00
-2869.57, -290.00
-2700.35, -290.00
-2701.29, -290.00
-2873.56, -290.00
-2876.57, -290.00
-2868.57, -290.00
-2867.57, -290.00
-2874.56, -290.00
-2876.57, -290.00
-2871.56, -290.00
-2613.24, -290.00
-2786.49, -290.00
-2876.57, -290.00
-2789.40, -290.00
-2778.74, -290.00
-2530.54, -290.00
-2701.29, -290.00
-2790.37, -290.00
-2747.25, -280.00
-2610.51, -280.00
-2443.28, -280.00
-2532.31, -280.00
-2701.29, -280.00
-2876.57, -280.00
-2875.57, -280.00
-2786.49, -280.00
-2531.42, -280.00
-2527.89, -280.00
-2702.23, -280.00
-2787.46, -280.00
-2867.57, -280.00
-2702.23, -280.00
-2701.29, -280.00
-2788.43, -280.00
-2787.46, -280.00
-2700.35, -280.00
-2532.31, -280.00
-2701.29, -280.00
-2750.09, -270.00
-2701.29, -270.00
-2527.89, -270.00
-2528.78, -270.00
-2531.42, -270.00
-2700.35, -270.00
-2614.15, -270.00
-2357.67, -270.00
-2353.56, -270.00
-2356.84, -270.00
-2613.24, -270.00
-2618.71, -270.00
-2702.23, -270.00
-2615.06, -270.00
-2529.66, -270.00
-2356.02, -270.00
-2440.73, -270.00
-2614.15, -270.00
-2615.06, -270.00
-2529.66, -270.00
-2579.09, -260.00
-2613.24, -260.00
-2532.31, -260.00
-2614.15, -260.00
-2439.02, -260.00
-2440.73, -260.00
-2356.02, -260.00
-2528.78, -260.00
-2615.06, -260.00
-2357.67, -260.00
-2268.76, -260.00
-2353.56, -260.00
-2443.28, -260.00
-2444.99, -260.00
-2356.02, -260.00
-2182.26, -260.00
-2182.26, -260.00
-2188.38, -260.00
-2269.55, -260.00
-2526.13, -260.00
-2492.27, -250.00
-2356.84, -250.00
-2354.38, -250.00
-2269.55, -250.00
-2182.26, -250.00
-2269.55, -250.00
-2358.49, -250.00
-2355.20, -250.00
-2270.35, -250.00
-2270.35, -250.00
-2361.79, -250.00
-2269.55, -250.00
-2271.14, -250.00
-2270.35, -250.00
-2183.02, -250.00
-2096.44, -250.00
-2181.50, -250.00
-2271.93, -250.00
-2183.02, -250.00
-2179.98, -250.00
-2068.25, -240.00
-2007.68, -240.00
-2184.55, -240.00
-2183.02, -240.00
-2096.44, -240.00
-2094.97, -240.00
-2007.68, -240.00
-1921.73, -240.00
-1921.73, -240.00
-2014.01, -240.00
-2101.58, -240.00
-2269.55, -240.00
-2182.26, -240.00
-2096.44, -240.00
-2096.44, -240.00
-2014.01, -240.00
-2009.08, -240.00
-2008.38, -240.00
-2094.97, -240.00
-2097.17, -240.00
-2152.20, -230.00
-2095.70, -230.00
-2096.44, -230.00
-2095.70, -230.00
-2096.44, -230.00
-2179.22, -230.00
-2092.78, -230.00
-2007.68, -230.00
-1920.39, -230.00
-1922.40, -230.00
-2097.17, -230.00
-2008.38, -230.00
-2008.38, -230.00
-1926.44, -230.00
-1921.73, -230.00
-1837.59, -230.00
-1925.10, -230.00
-1925.77, -230.00
-1920.39, -230.00
-1920.39, -230.00
-1815.35, -220.00
-1831.18, -220.00
-1663.17, -220.00
-1745.20, -220.00
-1834.38, -220.00
-1922.40, -220.00
-1922.40, -220.00
-1927.80, -220.00
-1922.40, -220.00
-1833.74, -220.00
-1921.06, -220.00
-1750.70, -220.00
-1747.64, -220.00
-1919.72, -220.00
-1836.31, -220.00
-1833.10, -220.00
-1835.02, -220.00
-1922.40, -220.00
-1923.75, -220.00
-1836.95, -220.00
-1891.98, -210.00
-1838.24, -210.00
-1921.06, -210.00
-1838.88, -210.00
-1834.38, -210.00
-1748.86, -210.00
-1748.86, -210.00
-1754.39, -210.00
-1833.74, -210.00
-1834.38, -210.00
-1749.48, -210.00
-1661.42, -210.00
-1659.10, -210.00
-1662.58, -210.00
-1747.03, -210.00
-1750.70, -210.00
-1663.17, -210.00
-1745.81, -210.00
-1661.42, -210.00
-1662.58, -210.00
-1555.48, -200.00
-1487.57, -200.00
-1574.53, -200.00
-1662.00, -200.00
-1751.93, -200.00
-1750.70, -200.00
-1662.58, -200.00
-1747.64, -200.00
-1662.00, -200.00
-1747.64, -200.00
-1575.63, -200.00
-1572.33, -200.00
-1574.53, -200.00
-1662.58, -200.00
-1746.42, -200.00
-1573.98, -200.00
-1659.68, -200.00
-1662.58, -200.00
-1662.58, -200.00
-1667.84, -200.00
-1637.37, -190.00
-1661.42, -190.00
-1662.58, -190.00
-1575.08, -190.00
-1660.84, -190.00
-1574.53, -190.00
-1570.68, -190.00
-1487.05, -190.00
-1573.43, -190.00
-1573.43, -190.00
-1578.95, -190.00
-1570.68, -190.00
-1487.57, -190.00
-1487.05, -190.00
-1400.07, -190.00
-1400.56, -190.00
-1487.05, -190.00
-1400.07, -190.00
-1487.57, -190.00
-1486.53, -190.00
-1468.05, -180.00
-1401.05, -180.00
-1486.01, -180.00
-1399.58, -180.00
-1312.11, -180.00
-1227.21, -180.00
-1311.65, -180.00
-1226.78, -180.00
-1399.58, -180.00
-1399.58, -180.00
-1317.64, -180.00
-1399.09, -180.00
-1313.49, -180.00
-1399.58, -180.00
-1312.57, -180.00
-1311.65, -180.00
-1311.65, -180.00
-1314.41, -180.00
-1224.63, -180.00
-1139.15, -180.00
-1380.26, -170.00
-1312.11, -170.00
-1223.78, -170.00
-1224.63, -170.00
-1226.78, -170.00
-1226.35, -170.00
-1224.20, -170.00
-1226.78, -170.00
-1137.96, -170.00
-1225.06, -170.00
-1225.06, -170.00
-1142.35, -170.00
-1224.63, -170.00
-1139.15, -170.00
-1136.76, -170.00
-1223.78, -170.00
-1139.15, -170.00
-1137.56, -170.00
-1136.76, -170.00
-1051.16, -170.00
-1035.55, -160.00
-1137.56, -160.00
-1139.55, -160.00
-1138.75, -160.00
-1051.89, -160.00
-1049.69, -160.00
-1049.32, -160.00
-1048.95, -160.00
-1049.69, -160.00
-1048.95, -160.00
-963.56, -160.00
-967.63, -160.00
-1053.74, -160.00
-963.22, -160.00
-967.63, -160.00
-1055.97, -160.00
-964.24, -160.00
-1053.74, -160.00
-964.24, -160.00
-965.59, -160.00
-1039.86, -150.00
-963.56, -150.00
-965.93, -150.00
-964.57, -150.00
-791.70, -150.00
-878.73, -150.00
-879.97, -150.00
-791.42, -150.00
-878.12, -150.00
-791.42, -150.00
-880.28, -150.00
-791.97, -150.00
-878.43, -150.00
-791.97, -150.00
-792.25, -150.00
-877.81, -150.00
-791.97, -150.00
-879.66, -150.00
-791.14, -150.00
-791.42, -150.00
-868.66, -140.00
-791.97, -140.00
-791.97, -140.00
-794.21, -140.00
-703.98, -140.00
-791.97, -140.00
-703.73, -140.00
-616.41, -140.00
-703.23, -140.00
-705.22, -140.00
-703.48, -140.00
-615.76, -140.00
-615.76, -140.00
-705.72, -140.00
-615.98, -140.00
-615.76, -140.00
-615.33, -140.00
-615.11, -140.00
-614.90, -140.00
-528.73, -140.00
-607.85, -130.00
-527.80, -130.00
-615.98, -130.00
-615.76, -130.00
-528.54, -130.00
-615.55, -130.00
-527.61, -130.00
-615.33, -130.00
-527.80, -130.00
-616.20, -130.00
-527.98, -130.00
-615.98, -130.00
-527.98, -130.00
-615.98, -130.00
-528.91, -130.00
-527.61, -130.00
-615.33, -130.00
-527.61, -130.00
-615.76, -130.00
-528.73, -130.00
-607.85, -120.00
-528.73, -120.00
-615.76, -120.00
-529.10, -120.00
-527.61, -120.00
-527.43, -120.00
-527.43, -120.00
-529.10, -120.00
-529.10, -120.00
-441.85, -120.00
-528.17, -120.00
-440.61, -120.00
-439.83, -120.00
-439.99, -120.00
-527.61, -120.00
-527.61, -120.00
-441.54, -120.00
-440.45, -120.00
-439.99, -120.00
-439.83, -120.00
-521.01, -110.00
-440.92, -110.00
-440.76, -110.00
-352.49, -110.00
-439.52, -110.00
-351.86, -110.00
-351.74, -110.00
-439.68, -110.00
-352.61, -110.00
-352.49, -110.00
-351.74, -110.00
-351.86, -110.00
-439.83, -110.00
-352.61, -110.00
-352.36, -110.00
-352.24, -110.00
-352.36, -110.00
-352.24, -110.00
-264.27, -110.00
-351.99, -110.00
-347.46, -100.00
-351.99, -100.00
-351.86, -100.00
-351.86, -100.00
-353.23, -100.00
-264.18, -100.00
-351.74, -100.00
-352.49, -100.00
-264.36, -100.00
-351.86, -100.00
-264.46, -100.00
-351.86, -100.00
-264.46, -100.00
-264.36, -100.00
-351.86, -100.00
-264.27, -100.00
-264.27, -100.00
-265.02, -100.00
-264.27, -100.00
-351.49, -100.00
-261.05, -90.00
-265.67, -90.00
-265.67, -90.00
-265.77, -90.00
-265.02, -90.00
-265.21, -90.00
-265.39, -90.00
-176.99, -90.00
-265.77, -90.00
-177.05, -90.00
-265.39, -90.00
-265.67, -90.00
-176.99, -90.00
-265.58, -90.00
-176.99, -90.00
-265.67, -90.00
-176.99, -90.00
-177.05, -90.00
-265.11, -90.00
-176.87, -90.00
-174.89, -80.00
-177.12, -80.00
-177.05, -80.00
-177.12, -80.00
-177.05, -80.00
-177.12, -80.00
-177.05, -80.00
-88.56, -80.00
-177.81, -80.00
-177.18, -80.00
-88.53, -80.00
-88.87, -80.00
-88.87, -80.00
-178.00, -80.00
-88.62, -80.00
-88.90, -80.00
-88.94, -80.00
-177.43, -80.00
-88.56, -80.00
-88.90, -80.00
0.00, -70.00
-90.16, -70.00
0.00, -70.00
0.00, -70.00
-90.35, -70.00
-88.87, -70.00
-88.84, -70.00
0.00, -70.00
0.00, -70.00
0.00, -70.00
0.00, -70.00
0.00, -70.00
0.00, -70.00
0.00, -70.00
0.00, -70.00
0.00, -70.00
0.00, -70.00
0.00, -70.00
0.00, -70.00
0.00, -70.00
0.00, -60.00
0.00, -60.00
0.00, -60.00
0.00, -60.00
0.00, -60.00
0.00, -60.00
0.00, -60.00
0.00, -60.00
0.00, -60.00
0.00, -60.00
0.00, -60.00
0.00, -60.00
0.00, -60.00
0.00, -60.00
0.00, -60.00
0.00, -60.00
0.00, -60.00
0.00, -60.00
0.00, -60.00
0.00, -60.00
0.00, -50.00
0.00, -50.00
0.00, -50.00
0.00, -50.00
0.00, -50.00
0.00, -50.00
0.00, -50.00
0.00, -50.00
0.00, -50.00
0.00, -50.00
0.00, -50.00
0.00, -50.00
0.00, -50.00
0.00, -50.00
0.00, -50.00
0.00, -50.00
0.00, -50.00
0.00, -50.00
0.00, -50.00
0.00, -50.00
0.00, -40.00
0.00, -40.00
0.00, -40.00
0.00, -40.00
0.00, -40.00
0.00, -40.00
0.00, -40.00
0.00, -40.00
0.00, -40.00
0.00, -40.00
0.00, -40.00
0.00, -40.00
0.00, -40.00
0.00, -40.00
0.00, -40.00
0.00, -40.00
0.00, -40.00
0.00, -40.00
0.00, -40.00
0.00, -40.00
0.00, -30.00
0.00, -30.00
0.00, -30.00
0.00, -30.00
0.00, -30.00
0.00, -30.00
0.00, -30.00
0.00, -30.00
0.00, -30.00
0.00, -30.00
0.00, -30.00
0.00, -30.00
0.00, -30.00
0.00, -30.00
0.00, -30.00
0.00, -30.00
0.00, -30.00
0.00, -30.00
0.00, -30.00
0.00, -30.00
0.00, -20.00
0.00, -20.00
0.00, -20.00
0.00, -20.00
0.00, -20.00
0.00, -20.00
0.00, -20.00
0.00, -20.00
0.00, -20.00
0.00, -20.00
0.00, -20.00
0.00, -20.00
0.00, -20.00
0.00, -20.00
0.00, -20.00
0.00, -20.00
0.00, -20.00
0.00, -20.00
0.00, -20.00
0.00, -20.00
0.00, -10.00
0.00, -10.00
0.00, -10.00
0.00, -10.00
0.00, -10.00
0.00, -10.00
0.00, -10.00
0.00, -10.00
0.00, -10.00
0.00, -10.00
0.00, -10.00
0.00, -10.00
0.00, -10.00
0.00, -10.00
0.00, -10.00
0.00, -10.00
0.00, -10.00
0.00, -10.00
0.00, -10.00
0.00, -10.00
0.00, 0.00
0.00, 0.00
0.00, 0.00
0.00, 0.00
0.00, 0.00
0.00, 0.00
0.00, 0.00
0.00, 0.00
0.00, 0.00
0.00, 0.00
0.00, 0.00
0.00, 0.00
0.00, 0.00
0.00, 0.00
0.00, 0.00
0.00, 0.00
0.00, 0.00
0.00, 0.00
0.00, 0.00
0.00, 0.00
0.00, 10.00
0.00, 10.00
0.00, 10.00
0.00, 10.00
0.00, 10.00
0.00, 10.00
0.00, 10.00
0.00, 10.00
0.00, 10.00
0.00, 10.00
0.00, 10.00
0.00, 10.00
0.00, 10.00
0.00, 10.00
0.00, 10.00
0.00, 10.00
0.00, 10.00
0.00, 10.00
0.00, 10.00
0.00, 10.00
0.00, 20.00
0.00, 20.00
0.00, 20.00
0.00, 20.00
0.00, 20.00
0.00, 20.00
0.00, 20.00
0.00, 20.00
0.00, 20.00
0.00, 20.00
0.00, 20.00
0.00, 20.00
0.00, 20.00
0.00, 20.00
0.00, 20.00
0.00, 20.00
0.00, 20.00
0.00, 20.00
0.00, 20.00
0.00, 20.00
0.00, 30.00
0.00, 30.00
0.00, 30.00
0.00, 30.00
0.00, 30.00
0.00, 30.00
0.00, 30.00
0.00, 30.00
0.00, 30.00
0.00, 30.00
0.00, 30.00
0.00, 30.00
0.00, 30.00
0.00, 30.00
0.00, 30.00
0.00, 30.00
0.00, 30.00
0.00, 30.00
0.00, 30.00
0.00, 30.00
0.00, 40.00
0.00, 40.00
0.00, 40.00
0.00, 40.00
0.00, 40.00
0.00, 40.00
0.00, 40.00
0.00, 40.00
0.00, 40.00
0.00, 40.00
0.00, 40.00
0.00, 40.00
0.00, 40.00
0.00, 40.00
0.00, 40.00
0.00, 40.00
0.00, 40.00
0.00, 40.00
0.00, 40.00
0.00, 40.00
0.00, 50.00
0.00, 50.00
0.00, 50.00
0.00, 50.00
0.00, 50.00
0.00, 50.00
0.00, 50.00
0.00, 50.00
0.00, 50.00
0.00, 50.00
0.00, 50.00
0.00, 50.00
0.00, 50.00
0.00, 50.00
0.00, 50.00
0.00, 50.00
0.00, 50.00
0.00, 50.00
0.00, 50.00
0.00, 50.00
0.00, 60.00
0.00, 60.00
0.00, 60.00
0.00, 60.00
0.00, 60.00
0.00, 60.00
0.00, 60.00
0.00, 60.00
0.00, 60.00
0.00, 60.00
0.00, 60.00
0.00, 60.00
0.00, 60.00
0.00, 60.00
0.00, 60.00
0.00, 60.00
0.00, 60.00
0.00, 60.00
0.00, 60.00
0.00, 60.00
0.00, 70.00
0.00, 70.00
0.00, 70.00
0.00, 70.00
0.00, 70.00
0.00, 70.00
0.00, 70.00
0.00, 70.00
0.00, 70.00
0.00, 70.00
0.00, 70.00
0.00, 70.00
0.00, 70.00
0.00, 70.00
0.00, 70.00
0.00, 70.00
0.00, 70.00
0.00, 70.00
0.00, 70.00
0.00, 70.00
0.00, 80.00
0.00, 80.00
0.00, 80.00
0.00, 80.00
0.00, 80.00
0.00, 80.00
0.00, 80.00
0.00, 80.00
0.00, 80.00
0.00, 80.00
0.00, 80.00
0.00, 80.00
0.00, 80.00
0.00, 80.00
0.00, 80.00
0.00, 80.00
0.00, 80.00
0.00, 80.00
0.00, 80.00
0.00, 80.00
0.00, 90.00
0.00, 90.00
0.00, 90.00
0.00, 90.00
0.00, 90.00
0.00, 90.00
0.00, 90.00
0.00, 90.00
0.00, 90.00
0.00, 90.00
0.00, 90.00
0.00, 90.00
0.00, 90.00
0.00, 90.00
0.00, 90.00
0.00, 90.00
0.00, 90.00
0.00, 90.00
0.00, 90.00
0.00, 90.00
0.00, 100.00
0.00, 100.00
0.00, 100.00
0.00, 100.00
0.00, 100.00
0.00, 100.00
0.00, 100.00
0.00, 100.00
0.00, 100.00
0.00, 100.00
0.00, 100.00
0.00, 100.00
0.00, 100.00
0.00, 100.00
0.00, 100.00
0.00, 100.00
0.00, 100.00
0.00, 100.00
0.00, 100.00
0.00, 100.00
0.00, 110.00
0.00, 110.00
0.00, 110.00
0.00, 110.00
0.00, 110.00
0.00, 110.00
0.00, 110.00
0.00, 110.00
0.00, 110.00
0.00, 110.00
0.00, 110.00
0.00, 110.00
0.00, 110.00
90.06, 110.00
0.00, 110.00
89.90, 110.00
177.37, 110.00
88.18, 110.00
88.50, 110.00
88.50, 110.00
87.57, 120.00
88.56, 120.00
88.53, 120.00
88.50, 120.00
176.80, 120.00
176.55, 120.00
88.25, 120.00
177.05, 120.00
88.28, 120.00
176.80, 120.00
176.68, 120.00
176.43, 120.00
176.37, 120.00
176.37, 120.00
176.87, 120.00
176.30, 120.00
264.08, 120.00
176.43, 120.00
176.43, 120.00
264.92, 120.00
174.16, 130.00
264.64, 130.00
176.43, 130.00
264.64, 130.00
176.43, 130.00
264.18, 130.00
264.55, 130.00
264.36, 130.00
264.36, 130.00
265.02, 130.00
264.64, 130.00
264.55, 130.00
264.55, 130.00
264.83, 130.00
352.11, 130.00
264.64, 130.00
264.08, 130.00
264.27, 130.00
352.11, 130.00
264.55, 130.00
347.46, 140.00
264.64, 140.00
264.64, 140.00
353.11, 140.00
264.64, 140.00
352.24, 140.00
352.86, 140.00
264.55, 140.00
352.11, 140.00
352.86, 140.00
264.46, 140.00
351.99, 140.00
352.73, 140.00
352.49, 140.00
264.46, 140.00
352.11, 140.00
264.64, 140.00
352.36, 140.00
352.86, 140.00
264.64, 140.00
347.58, 150.00
264.64, 150.00
351.99, 150.00
352.11, 150.00
351.99, 150.00
352.11, 150.00
440.14, 150.00
352.98, 150.00
352.98, 150.00
441.70, 150.00
441.23, 150.00
352.73, 150.00
440.45, 150.00
440.14, 150.00
440.14, 150.00
441.07, 150.00
440.30, 150.00
528.54, 150.00
441.07, 150.00
441.23, 150.00
434.48, 160.00
528.36, 160.00
441.07, 160.00
528.73, 160.00
440.92, 160.00
527.98, 160.00
440.76, 160.00
528.36, 160.00
528.17, 160.00
440.76, 160.00
528.54, 160.00
441.07, 160.00
528.73, 160.00
528.36, 160.00
527.98, 160.00
440.76, 160.00
528.17, 160.00
528.17, 160.00
441.85, 160.00
528.73, 160.00
521.38, 170.00
528.36, 170.00
528.17, 170.00
528.91, 170.00
529.10, 170.00
528.36, 170.00
615.55, 170.00
616.20, 170.00
529.10, 170.00
616.63, 170.00
616.41, 170.00
616.20, 170.00
617.28, 170.00
616.20, 170.00
617.50, 170.00
617.72, 170.00
617.28, 170.00
615.98, 170.00
615.76, 170.00
615.76, 170.00
696.86, 180.00
617.50, 180.00
616.85, 180.00
703.98, 180.00
617.50, 180.00
616.63, 180.00
615.98, 180.00
703.98, 180.00
615.98, 180.00
616.20, 180.00
703.98, 180.00
704.47, 180.00
616.41, 180.00
704.47, 180.00
704.72, 180.00
616.20, 180.00
704.47, 180.00
704.47, 180.00
705.97, 180.00
703.48, 180.00
608.91, 190.00
704.47, 190.00
704.72, 190.00
704.23, 190.00
792.25, 190.00
704.72, 190.00
704.47, 190.00
792.25, 190.00
792.53, 190.00
703.98, 190.00
791.97, 190.00
793.09, 190.00
792.81, 190.00
792.25, 190.00
704.23, 190.00
791.42, 190.00
792.53, 190.00
792.53, 190.00
881.21, 190.00
792.53, 190.00
781.25, 200.00
879.04, 200.00
881.21, 200.00
792.53, 200.00
879.04, 200.00
967.63, 200.00
880.90, 200.00
967.29, 200.00
880.59, 200.00
968.31, 200.00
967.97, 200.00
968.31, 200.00
968.31, 200.00
1056.71, 200.00
964.91, 200.00
1056.71, 200.00
1050.79, 200.00
1051.89, 200.00
1051.16, 200.00
1052.26, 200.00
1038.78, 210.00
1050.79, 210.00
1050.79, 210.00
1140.35, 210.00
1051.52, 210.00
1138.35, 210.00
1138.35, 210.00
1140.75, 210.00
1137.96, 210.00
1225.49, 210.00
1139.95, 210.00
1137.96, 210.00
1225.49, 210.00
1223.78, 210.00
1139.95, 210.00
1225.92, 210.00
1225.06, 210.00
1139.55, 210.00
1225.92, 210.00
1225.92, 210.00
1215.70, 220.00
1225.92, 220.00
1225.06, 220.00
1225.06, 220.00
1228.93, 220.00
1225.49, 220.00
1312.57, 220.00
1313.49, 220.00
1313.03, 220.00
1226.78, 220.00
1398.60, 220.00
1316.25, 220.00
1313.49, 220.00
1313.03, 220.00
1313.03, 220.00
1317.18, 220.00
1399.58, 220.00
1315.33, 220.00
1313.03, 220.00
1313.49, 220.00
1295.78, 230.00
1401.05, 230.00
1397.62, 230.00
1315.79, 230.00
1401.05, 230.00
1402.03, 230.00
1401.54, 230.00
1400.56, 230.00
1403.02, 230.00
1400.07, 230.00
1488.62, 230.00
1401.05, 230.00
1489.66, 230.00
1576.73, 230.00
1488.10, 230.00
1488.10, 230.00
1577.29, 230.00
1488.62, 230.00
1488.62, 230.00
1580.06, 230.00
1557.63, 240.00
1571.23, 240.00
1488.62, 240.00
1576.18, 240.00
1576.73, 240.00
1576.18, 240.00
1576.18, 240.00
1661.42, 240.00
1575.63, 240.00
1576.18, 240.00
1663.75, 240.00
1576.73, 240.00
1661.42, 240.00
1661.42, 240.00
1578.39, 240.00
1660.84, 240.00
1748.86, 240.00
1664.33, 240.00
1663.75, 240.00
1662.58, 240.00
1640.76, 250.00
1660.84, 250.00
1664.33, 250.00
1575.63, 250.00
1660.84, 250.00
1575.63, 250.00
1575.63, 250.00
1668.42, 250.00
1664.33, 250.00
1664.33, 250.00
1665.50, 250.00
1575.63, 250.00
1747.64, 250.00
1663.75, 250.00
1663.75, 250.00
1752.54, 250.00
1751.31, 250.00
1750.70, 250.00
1750.70, 250.00
1752.54, 250.00
1810.97, 260.00
1751.31, 260.00
1750.70, 260.00
1835.02, 260.00
1751.31, 260.00
1834.38, 260.00
1751.31, 260.00
1835.66, 260.00
1838.88, 260.00
1750.70, 260.00
1835.02, 260.00
1838.88, 260.00
1836.95, 260.00
1838.24, 260.00
1750.09, 260.00
1835.66, 260.00
1835.02, 260.00
1923.08, 260.00
1839.52, 260.00
1835.66, 260.00
1894.59, 270.00
1838.24, 270.00
1750.70, 270.00
1835.66, 270.00
1752.54, 270.00
1831.82, 270.00
1751.31, 270.00
1918.38, 270.00
1838.24, 270.00
1834.38, 270.00
1835.02, 270.00
1836.95, 270.00
1921.06, 270.00
1922.40, 270.00
1923.08, 270.00
2011.19, 270.00
2010.49, 270.00
2009.08, 270.00
2006.98, 270.00
1925.10, 270.00
1984.81, 280.00
2010.49, 280.00
2009.79, 280.00
2008.38, 280.00
2009.08, 280.00
2014.72, 280.00
1925.77, 280.00
2010.49, 280.00
2010.49, 280.00
2097.90, 280.00
2014.01, 280.00
1923.08, 280.00
2011.19, 280.00
2097.17, 280.00
2097.17, 280.00
2018.25, 280.00
2009.08, 280.00
2011.19, 280.00
2010.49, 280.00
2009.08, 280.00
1901.80, 290.00
1923.75, 290.00
2009.79, 290.00
2097.90, 290.00
2011.19, 290.00
2009.79, 290.00
2095.70, 290.00
2097.17, 290.00
2183.79, 290.00
2185.31, 290.00
2184.55, 290.00
2267.18, 290.00
2270.35, 290.00
2183.02, 290.00
2269.55, 290.00
2271.93, 290.00
2271.14, 290.00
2266.39, 290.00
2183.02, 290.00
2269.55, 290.00
2239.83, 300.00
2266.39, 300.00
2269.55, 300.00
2267.97, 300.00
2358.49, 300.00
2271.93, 300.00
2271.93, 300.00
2360.14, 300.00
2355.20, 300.00
2271.93, 300.00
2354.38, 300.00
2271.93, 300.00
2183.79, 300.00
2183.02, 300.00
2355.20, 300.00
2360.97, 300.00
2354.38, 300.00
2271.14, 300.00
2354.38, 300.00
2525.25, 300.00
2416.29, 310.00
2529.66, 310.00
2532.31, 310.00
2444.99, 310.00
2530.54, 310.00
2447.55, 310.00
2528.78, 310.00
2524.37, 310.00
2444.99, 310.00
2446.70, 310.00
2443.28, 310.00
2441.58, 310.00
2527.89, 310.00
2439.87, 310.00
2526.13, 310.00
2447.55, 310.00
2529.66, 310.00
2446.70, 310.00
2442.43, 310.00
2439.87, 310.00
2411.30, 320.00
2273.52, 320.00
2358.49, 320.00
2529.66, 320.00
2529.66, 320.00
2453.56, 320.00
2446.70, 320.00
2617.80, 320.00
2618.71, 320.00
2701.29, 320.00
2706.01, 320.00
2616.89, 320.00
2705.06, 320.00
2705.06, 320.00
2706.95, 320.00
2621.46, 320.00
2705.06, 320.00
2623.29, 320.00
2615.97, 320.00
2703.17, 320.00
2670.57, 330.00
2616.89, 330.00
2705.06, 330.00
2705.06, 330.00
2706.95, 330.00
2621.46, 330.00
2616.89, 330.00
2617.80, 330.00
2530.54, 330.00
2615.06, 330.00
2706.95, 330.00
2792.32, 330.00
2621.46, 330.00
2790.37, 330.00
2790.37, 330.00
2966.84, 330.00
2879.58, 330.00
2879.58, 330.00
2886.63, 330.00
2876.57, 330.00
2840.91, 340.00
2879.58, 340.00
2880.59, 340.00
2790.37, 340.00
2871.56, 340.00
2879.58, 340.00
2880.59, 340.00
2874.56, 340.00
2790.37, 340.00
2872.56, 340.00
2880.59, 340.00
2792.32, 340.00
2786.49, 340.00
2619.63, 340.00
2790.37, 340.00
2879.58, 340.00
2879.58, 340.00
2799.16, 340.00
2877.57, 340.00
3044.54, 340.00
3017.24, 350.00
3045.60, 350.00
2966.84, 350.00
2963.74, 350.00
2966.84, 350.00
2966.84, 350.00
2969.95, 350.00
2879.58, 350.00
2878.58, 350.00
2958.58, 350.00
2961.67, 350.00
2879.58, 350.00
2965.81, 350.00
2877.57, 350.00
2877.57, 350.00
2879.58, 350.00
2792.32, 350.00
2704.12, 350.00
2790.37, 350.00
2964.77, 350.00
2924.98, 360.00
2878.58, 360.00
2877.57, 360.00
3130.43, 360.00
3054.10, 360.00
3131.52, 360.00
2966.84, 360.00
3045.60, 360.00
3135.89, 360.00
3054.10, 360.00
2967.88, 360.00
3049.84, 360.00
2966.84, 360.00
3046.66, 360.00
3050.91, 360.00
2966.84, 360.00
3045.60, 360.00
3045.60, 360.00
2976.19, 360.00
2959.61, 360.00
2842.87, 370.00
2790.37, 370.00
3044.54, 370.00
3047.72, 370.00
3047.72, 370.00
3061.58, 370.00
3141.36, 370.00
3307.80, 370.00
3225.24, 370.00
3135.89, 370.00
3221.87, 370.00
3217.39, 370.00
3220.75, 370.00
3141.36, 370.00
3141.36, 370.00
3145.75, 370.00
3139.17, 370.00
3138.08, 370.00
3214.04, 370.00
3143.56, 370.00
3171.07, 380.00
3055.17, 380.00
3048.78, 380.00
2959.61, 380.00
3131.52, 380.00
3227.49, 380.00
3220.75, 380.00
3220.75, 380.00
3325.17, 380.00
3474.64, 380.00
3393.66, 380.00
3307.80, 380.00
3312.41, 380.00
3394.85, 380.00
3385.42, 380.00
3310.10, 380.00
3230.88, 380.00
3221.87, 380.00
3308.95, 380.00
3394.85, 380.00
3269.10, 390.00
3306.65, 390.00
3227.49, 390.00
3218.51, 390.00
3045.60, 390.00
3135.89, 390.00
3396.03, 390.00
3307.80, 390.00
3310.10, 390.00
3398.40, 390.00
3566.46, 390.00
3647.10, 390.00
3394.85, 390.00
3478.26, 390.00
3480.68, 390.00
3481.89, 390.00
3392.48, 390.00
3396.03, 390.00
3398.40, 390.00
3484.32, 390.00
3434.07, 400.00
3394.85, 400.00
3391.30, 400.00
3484.32, 400.00
3219.63, 400.00
3219.63, 400.00
3325.17, 400.00
3480.68, 400.00
3483.11, 400.00
3391.30, 400.00
3649.63, 400.00
3737.83, 400.00
3568.94, 400.00
3485.53, 400.00
3568.94, 400.00
3567.70, 400.00
3572.67, 400.00
3477.05, 400.00
3394.85, 400.00
3477.05, 400.00
3607.01, 410.00
3486.75, 410.00
3483.11, 410.00
3480.68, 410.00
3306.65, 410.00
3310.10, 410.00
3480.68, 410.00
3565.22, 410.00
3567.70, 410.00
3563.98, 410.00
3737.83, 410.00
3741.73, 410.00
3732.64, 410.00
3568.94, 410.00
3659.81, 410.00
3654.72, 410.00
3653.44, 410.00
3480.68, 410.00
3572.67, 410.00
3657.26, 410.00
3604.53, 420.00
3571.43, 420.00
3562.74, 420.00
3561.50, 420.00
3307.80, 420.00
3484.32, 420.00
3649.63, 420.00
3657.26, 420.00
3650.90, 420.00
3743.04, 420.00
3923.96, 420.00
3831.42, 420.00
3737.83, 420.00
3653.44, 420.00
3820.77, 420.00
3746.95, 420.00
3649.63, 420.00
3648.37, 420.00
3818.12, 420.00
3741.73, 420.00
3767.12, 430.00
3652.17, 430.00
3571.43, 430.00
3483.11, 430.00
3654.72, 430.00
3740.43, 430.00
3743.04, 430.00
3737.83, 430.00
3910.32, 430.00
4081.28, 430.00
3907.61, 430.00
3741.73, 430.00
3822.10, 430.00
3827.42, 430.00
3818.12, 430.00
3744.34, 430.00
3743.04, 430.00
3834.09, 430.00
3822.10, 430.00
3735.23, 430.00
3690.35, 440.00
3561.50, 440.00
3570.18, 440.00
3741.73, 440.00
3823.43, 440.00
3822.10, 440.00
3907.61, 440.00
4081.28, 440.00
3998.61, 440.00
3908.96, 440.00
3740.43, 440.00
3907.61, 440.00
3911.68, 440.00
3741.73, 440.00
3743.04, 440.00
3822.10, 440.00
3824.76, 440.00
3823.43, 440.00
3735.23, 440.00
3568.94, 440.00
3525.97, 450.00
3746.95, 450.00
3830.08, 450.00
3828.75, 450.00
3828.75, 450.00
4094.08, 450.00
4088.38, 450.00
3908.96, 450.00
3820.77, 450.00
3830.08, 450.00
3995.83, 450.00
3828.75, 450.00
3740.43, 450.00
3910.32, 450.00
3910.32, 450.00
3919.86, 450.00
3823.43, 450.00
3652.17, 450.00
3570.18, 450.00
3816.79, 450.00
3863.32, 460.00
3910.32, 460.00
3917.13, 460.00
4082.70, 460.00
4247.57, 460.00
3995.83, 460.00
3910.32, 460.00
3915.77, 460.00
3994.44, 460.00
3994.44, 460.00
3839.44, 460.00
3998.61, 460.00
3993.06, 460.00
3987.52, 460.00
3828.75, 460.00
3735.23, 460.00
3652.17, 460.00
3908.96, 460.00
4075.62, 460.00
3915.77, 460.00
4109.59, 470.00
4253.47, 470.00
4249.05, 470.00
4075.62, 470.00
3904.89, 470.00
4074.20, 470.00
4078.44, 470.00
3995.83, 470.00
3991.67, 470.00
4082.70, 470.00
4084.12, 470.00
4077.03, 470.00
3818.12, 470.00
3735.23, 470.00
3908.96, 470.00
4163.78, 470.00
4078.44, 470.00
4168.11, 470.00
4343.29, 470.00
4422.48, 470.00
4186.60, 480.00
4077.03, 480.00
4086.96, 480.00
4240.22, 480.00
4079.86, 480.00
4082.70, 480.00
4079.86, 480.00
4166.67, 480.00
4160.89, 480.00
3910.32, 480.00
3740.43, 480.00
4079.86, 480.00
4169.56, 480.00
4082.70, 480.00
4260.87, 480.00
4427.08, 480.00
4420.94, 480.00
4162.33, 480.00
3995.83, 480.00
4169.56, 480.00
4193.77, 490.00
4081.28, 490.00
4081.28, 490.00
4179.73, 490.00
4168.11, 490.00
4082.70, 490.00
3826.09, 490.00
3822.10, 490.00
4081.28, 490.00
4249.05, 490.00
4166.67, 490.00
4253.47, 490.00
4507.63, 490.00
4424.01, 490.00
4172.46, 490.00
4159.45, 490.00
4166.67, 490.00
4249.05, 490.00
4160.89, 490.00
4159.45, 490.00
4193.77, 500.00
4249.05, 500.00
4081.28, 500.00
3907.61, 500.00
3994.44, 500.00
4171.01, 500.00
4247.57, 500.00
4334.26, 500.00
4431.70, 500.00
4599.10, 500.00
4417.88, 500.00
4171.01, 500.00
4257.91, 500.00
4335.76, 500.00
4252.00, 500.00
4250.52, 500.00
4253.47, 500.00
4335.76, 500.00
4247.57, 500.00
3995.83, 500.00
4288.09, 500.00
4351.54, 500.00
4422.48, 500.00
4515.46, 500.00
4681.00, 500.00
4425.55, 500.00
4247.57, 500.00
4332.76, 500.00
4340.28, 500.00
4419.41, 500.00
4256.43, 500.00
4267.67, 490.00
4414.82, 490.00
4169.56, 490.00
4065.74, 490.00
3993.06, 490.00
4256.43, 490.00
4343.29, 490.00
4343.29, 490.00
4439.41, 490.00
4682.62, 490.00
4512.94, 480.00
4168.11, 480.00
4250.52, 480.00
4256.43, 480.00
4332.76, 480.00
4166.67, 480.00
4250.52, 480.00
4334.26, 480.00
4166.67, 480.00
3994.44, 480.00
3850.10, 470.00
4175.37, 470.00
4335.76, 470.00
4253.47, 470.00
4343.29, 470.00
4595.91, 470.00
4506.07, 470.00
4169.56, 470.00
4168.11, 470.00
4253.47, 470.00
4267.67, 460.00
4169.56, 460.00
4166.67, 460.00
4166.67, 460.00
4163.78, 460.00
4081.28, 460.00
3743.04, 460.00
3990.28, 460.00
4168.11, 460.00
4169.56, 460.00
4182.31, 450.00
4420.94, 450.00
4512.32, 450.00
4250.52, 450.00
3995.83, 450.00
4082.70, 450.00
4173.91, 450.00
4085.54, 450.00
4082.70, 450.00
4084.12, 450.00
4099.76, 440.00
4077.03, 440.00
3908.96, 440.00
3654.72, 440.00
3910.32, 440.00
4084.12, 440.00
4072.79, 440.00
4079.86, 440.00
4337.27, 440.00
4343.29, 440.00
4092.77, 430.00
3915.77, 430.00
3995.83, 430.00
3994.44, 430.00
3993.06, 430.00
3997.22, 430.00
3915.77, 430.00
3995.83, 430.00
3994.44, 430.00
3740.43, 430.00
3588.52, 420.00
3733.94, 420.00
3907.61, 420.00
4081.28, 420.00
3917.13, 420.00
4081.28, 420.00
4254.95, 420.00
4249.05, 420.00
3906.25, 420.00
3820.77, 420.00
3934.31, 410.00
3988.90, 410.00
3830.08, 410.00
3823.43, 410.00
3910.32, 410.00
3908.96, 410.00
3822.10, 410.00
3647.10, 410.00
3563.98, 410.00
3649.63, 410.00
3851.42, 400.00
3900.83, 400.00
3736.53, 400.00
4002.78, 400.00
4252.00, 400.00
3995.83, 400.00
3655.99, 400.00
3731.34, 400.00
3820.77, 400.00
3820.77, 400.00
3690.35, 390.00
3736.53, 390.00
3740.43, 390.00
3819.44, 390.00
3655.99, 390.00
3562.74, 390.00
3473.43, 390.00
3393.66, 390.00
3736.53, 390.00
3741.73, 390.00
3676.47, 380.00
3740.43, 380.00
3991.67, 380.00
3995.83, 380.00
3726.17, 380.00
3480.68, 380.00
3567.70, 380.00
3741.73, 380.00
3647.10, 380.00
3567.70, 380.00
3511.48, 370.00
3657.26, 370.00
3648.37, 370.00
3478.26, 370.00
3388.95, 370.00
3310.10, 370.00
3227.49, 370.00
3481.89, 370.00
3650.90, 370.00
3483.11, 370.00
3507.87, 360.00
3739.13, 360.00
3830.08, 360.00
3654.72, 360.00
3394.85, 360.00
3393.66, 360.00
3480.68, 360.00
3484.32, 360.00
3396.03, 360.00
3306.65, 360.00
3422.31, 350.00
3393.66, 350.00
3397.21, 350.00
3393.66, 350.00
3138.08, 350.00
3136.98, 350.00
3047.72, 350.00
3225.24, 350.00
3313.57, 350.00
3302.05, 350.00
3174.33, 340.00
3394.85, 340.00
3570.18, 340.00
3556.56, 340.00
3315.88, 340.00
3054.10, 340.00
3220.75, 340.00
3308.95, 340.00
3221.87, 340.00
3133.70, 340.00
3172.15, 330.00
3218.51, 330.00
3220.75, 330.00
3141.36, 330.00
3220.75, 330.00
3051.97, 330.00
2959.61, 330.00
2954.47, 330.00
2877.57, 330.00
3220.75, 330.00
3172.15, 320.00
3053.04, 320.00
3142.46, 320.00
3307.80, 320.00
3396.03, 320.00
3311.26, 320.00
3047.72, 320.00
2965.81, 320.00
3130.43, 320.00
3053.04, 320.00
3089.60, 310.00
2962.70, 310.00
2965.81, 310.00
3045.60, 310.00
2966.84, 310.00
2966.84, 310.00
2974.11, 310.00
2875.57, 310.00
2870.56, 310.00
2704.12, 310.00
2664.15, 300.00
2707.90, 300.00
2879.58, 300.00
2958.58, 300.00
2793.30, 300.00
2874.56, 300.00
2964.77, 300.00
3131.52, 300.00
3133.70, 300.00
2960.64, 300.00
2747.25, 290.00
2790.37, 290.00
2878.58, 290.00
2875.57, 290.00
2704.12, 290.00
2790.37, 290.00
2790.37, 290.00
2709.79, 290.00
2705.06, 290.00
2793.30, 290.00
2749.14, 280.00
2704.12, 280.00
2699.41, 280.00
2532.31, 280.00
2445.84, 280.00
2359.31, 280.00
2528.78, 280.00
2705.06, 280.00
2536.74, 280.00
2529.66, 280.00
2570.25, 270.00
2704.12, 270.00
2708.84, 270.00
2792.32, 270.00
2703.17, 270.00
2525.25, 270.00
2360.14, 270.00
2530.54, 270.00
2530.54, 270.00
2452.70, 270.00
2404.67, 260.00
2360.14, 260.00
2443.28, 260.00
2359.31, 260.00
2354.38, 260.00
2354.38, 260.00
2361.79, 260.00
2438.17, 260.00
2360.14, 260.00
2271.14, 260.00
2233.68, 250.00
2185.31, 250.00
2185.31, 250.00
2100.10, 250.00
2101.58, 250.00
2183.79, 250.00
2270.35, 250.00
2185.31, 250.00
2186.08, 250.00
2186.84, 250.00
2152.20, 240.00
2356.02, 240.00
2361.79, 240.00
2360.14, 240.00
2270.35, 240.00
2091.32, 240.00
2014.01, 240.00
2187.61, 240.00
2097.90, 240.00
2099.37, 240.00
2063.98, 230.00
2010.49, 230.00
2098.64, 230.00
2010.49, 230.00
2011.19, 230.00
1925.10, 230.00
2011.19, 230.00
1923.75, 230.00
1923.08, 230.00
2011.90, 230.00
1894.59, 220.00
1923.08, 220.00
1924.42, 220.00
1836.31, 220.00
1752.54, 220.00
1748.86, 220.00
1747.64, 220.00
1662.58, 220.00
1751.31, 220.00
1751.93, 220.00
1807.85, 210.00
1750.70, 210.00
1751.93, 210.00
1749.48, 210.00
1751.31, 210.00
1750.70, 210.00
1751.93, 210.00
1835.66, 210.00
1838.88, 210.00
1923.08, 210.00
1723.54, 200.00
1664.33, 200.00
1664.33, 200.00
1667.25, 200.00
1663.75, 200.00
1575.08, 200.00
1577.84, 200.00
1576.73, 200.00
1576.73, 200.00
1580.61, 200.00
1466.02, 190.00
1574.53, 190.00
1489.14, 190.00
1401.54, 190.00
1486.01, 190.00
1488.62, 190.00
1400.07, 190.00
1400.07, 190.00
1319.96, 190.00
1399.58, 190.00
1294.44, 180.00
1401.05, 180.00
1228.07, 180.00
1313.95, 180.00
1226.35, 180.00
1311.65, 180.00
1140.35, 180.00
1138.35, 180.00
1137.56, 180.00
1137.16, 180.00
1036.27, 170.00
1052.63, 170.00
964.91, 170.00
968.99, 170.00
968.31, 170.00
967.97, 170.00
968.31, 170.00
1054.48, 170.00
964.91, 170.00
968.65, 170.00
954.53, 160.00
880.59, 160.00
966.61, 160.00
880.59, 160.00
879.66, 160.00
880.59, 160.00
879.97, 160.00
792.53, 160.00
880.90, 160.00
793.37, 160.00
780.71, 150.00
878.73, 150.00
792.53, 150.00
791.97, 150.00
879.04, 150.00
793.09, 150.00
793.09, 150.00
706.96, 150.00
704.47, 150.00
792.53, 150.00
693.96, 140.00
704.47, 140.00
704.23, 140.00
615.76, 140.00
704.47, 140.00
616.63, 140.00
616.41, 140.00
616.20, 140.00
528.36, 140.00
616.20, 140.00
520.29, 130.00
616.20, 130.00
529.10, 130.00
529.47, 130.00
529.10, 130.00
441.07, 130.00
528.73, 130.00
528.36, 130.00
440.76, 130.00
528.36, 130.00
434.03, 120.00
440.30, 120.00
527.06, 120.00
441.23, 120.00
352.86, 120.00
440.61, 120.00
440.30, 120.00
352.86, 120.00
440.30, 120.00
353.11, 120.00
433.28, 110.00
352.73, 110.00
351.99, 110.00
352.86, 110.00
264.64, 110.00
352.24, 110.00
352.98, 110.00
264.64, 110.00
264.64, 110.00
353.23, 110.00
260.69, 100.00
264.55, 100.00
264.55, 100.00
176.80, 100.00
176.43, 100.00
264.08, 100.00
176.55, 100.00
88.25, 100.00
177.12, 100.00
88.25, 100.00
87.20, 90.00
177.68, 90.00
88.68, 90.00
89.03, 90.00
0.00, 90.00
90.03, 90.00
89.03, 90.00
89.06, 90.00
89.00, 90.00
89.03, 90.00
0.00, 80.00
90.19, 80.00
0.00, 80.00
90.19, 80.00
88.97, 80.00
0.00, 80.00
0.00, 80.00
90.38, 80.00
0.00, 80.00
0.00, 80.00
0.00, 70.00
0.00, 70.00
0.00, 70.00
0.00, 70.00
0.00, 70.00
0.00, 70.00
0.00, 70.00
0.00, 70.00
0.00, 70.00
0.00, 70.00
0.00, 60.00
90.45, 60.00
0.00, 60.00
0.00, 60.00
0.00, 60.00
0.00, 60.00
0.00, 60.00
0.00, 60.00
0.00, 60.00
0.00, 60.00
0.00, 50.00
0.00, 50.00
0.00, 50.00
0.00, 50.00
0.00, 50.00
0.00, 50.00
0.00, 50.00
0.00, 50.00
0.00, 50.00
0.00, 50.00
0.00, 40.00
0.00, 40.00
0.00, 40.00
0.00, 40.00
0.00, 40.00
0.00, 40.00
0.00, 40.00
0.00, 40.00
0.00, 40.00
0.00, 40.00
0.00, 30.00
0.00, 30.00
0.00, 30.00
0.00, 30.00
0.00, 30.00
0.00, 30.00
0.00, 30.00
0.00, 30.00
0.00, 30.00
0.00, 30.00
0.00, 20.00
0.00, 20.00
0.00, 20.00
0.00, 20.00
0.00, 20.00
0.00, 20.00
0.00, 20.00
0.00, 20.00
0.00, 20.00
0.00, 20.00
0.00, 10.00
0.00, 10.00
0.00, 10.00
0.00, 10.00
0.00, 10.00
0.00, 10.00
0.00, 10.00
0.00, 10.00
0.00, 10.00
0.00, 10.00
0.00, 0.00
0.00, 0.00
0.00, 0.00
0.00, 0.00
0.00, 0.00
0.00, 0.00
0.00, 0.00
0.00, 0.00
0.00, 0.00
0.00, 0.00
0.00, -10.00
0.00, -10.00
0.00, -10.00
0.00, -10.00
0.00, -10.00
0.00, -10.00
0.00, -10.00
0.00, -10.00
0.00, -10.00
0.00, -10.00
0.00, -20.00
0.00, -20.00
0.00, -20.00
0.00, -20.00
0.00, -20.00
0.00, -20.00
0.00, -20.00
0.00, -20.00
0.00, -20.00
0.00, -20.00
0.00, -30.00
0.00, -30.00
0.00, -30.00
0.00, -30.00
0.00, -30.00
0.00, -30.00
0.00, -30.00
0.00, -30.00
0.00, -30.00
0.00, -30.00
0.00, -40.00
0.00, -40.00
0.00, -40.00
0.00, -40.00
0.00, -40.00
0.00, -40.00
0.00, -40.00
0.00, -40.00
0.00, -40.00
0.00, -40.00
0.00, -50.00
0.00, -50.00
0.00, -50.00
0.00, -50.00
0.00, -50.00
0.00, -50.00
0.00, -50.00
0.00, -50.00
0.00, -50.00
0.00, -50.00
0.00, -60.00
0.00, -60.00
0.00, -60.00
0.00, -60.00
0.00, -60.00
0.00, -60.00
0.00, -60.00
0.00, -60.00
0.00, -60.00
0.00, -60.00
0.00, -70.00
0.00, -70.00
0.00, -70.00
0.00, -70.00
0.00, -70.00
0.00, -70.00
0.00, -70.00
0.00, -70.00
0.00, -70.00
0.00, -70.00
0.00, -80.00
0.00, -80.00
0.00, -80.00
0.00, -80.00
0.00, -80.00
0.00, -80.00
0.00, -80.00
0.00, -80.00
0.00, -80.00
0.00, -80.00
0.00, -90.00
0.00, -90.00
0.00, -90.00
0.00, -90.00
0.00, -90.00
0.00, -90.00
0.00, -90.00
0.00, -90.00
0.00, -90.00
0.00, -90.00
0.00, -100.00
0.00, -100.00
0.00, -100.00
0.00, -100.00
0.00, -100.00
0.00, -100.00
0.00, -100.00
0.00, -100.00
0.00, -100.00
0.00, -100.00
0.00, -110.00
0.00, -110.00
-89.99, -110.00
-88.46, -110.00
-176.93, -110.00
-176.30, -110.00
-176.30, -110.00
-176.80, -110.00
-176.37, -110.00
-264.36, -110.00
-173.61, -120.00
-264.46, -120.00
-176.18, -120.00
-263.90, -120.00
-263.90, -120.00
-264.74, -120.00
-351.74, -120.00
-264.46, -120.00
-264.36, -120.00
-264.27, -120.00
-346.50, -130.00
-264.46, -130.00
-352.24, -130.00
-264.27, -130.00
-351.86, -130.00
-439.99, -130.00
-352.61, -130.00
-352.49, -130.00
-351.74, -130.00
-439.83, -130.00
-346.50, -140.00
-439.99, -140.00
-439.68, -140.00
-352.49, -140.00
-439.83, -140.00
-439.83, -140.00
-441.07, -140.00
-527.80, -140.00
-352.73, -140.00
-527.98, -140.00
-433.88, -150.00
-440.61, -150.00
-439.52, -150.00
-527.98, -150.00
-440.76, -150.00
-527.80, -150.00
-528.17, -150.00
-527.80, -150.00
-528.17, -150.00
-615.76, -150.00
-519.57, -160.00
-527.98, -160.00
-615.98, -160.00
-615.98, -160.00
-617.50, -160.00
-703.98, -160.00
-615.98, -160.00
-703.98, -160.00
-703.73, -160.00
-791.14, -160.00
-693.00, -170.00
-704.97, -170.00
-703.73, -170.00
-791.70, -170.00
-704.23, -170.00
-704.23, -170.00
-793.09, -170.00
-705.47, -170.00
-703.48, -170.00
-790.03, -170.00
-780.44, -180.00
-791.97, -180.00
-791.97, -180.00
-794.21, -180.00
-791.70, -180.00
-880.28, -180.00
-879.66, -180.00
-791.14, -180.00
-877.81, -180.00
-878.43, -180.00
-865.05, -190.00
-966.95, -190.00
-879.97, -190.00
-967.29, -190.00
-879.66, -190.00
-966.61, -190.00
-880.28, -190.00
-966.27, -190.00
-968.31, -190.00
-879.66, -190.00
-951.89, -200.00
-879.35, -200.00
-967.29, -200.00
-967.63, -200.00
-1055.97, -200.00
-1137.56, -200.00
-1137.16, -200.00
-1223.78, -200.00
-1139.15, -200.00
-1224.20, -200.00
-1206.90, -210.00
-1225.06, -210.00
-1225.06, -210.00
-1316.25, -210.00
-1226.78, -210.00
-1226.35, -210.00
-1225.49, -210.00
-1312.11, -210.00
-1226.78, -210.00
-1312.57, -210.00
-1292.21, -220.00
-1311.65, -220.00
-1314.41, -220.00
-1313.95, -220.00
-1314.41, -220.00
-1311.65, -220.00
-1398.60, -220.00
-1487.57, -220.00
-1400.56, -220.00
-1399.58, -220.00
-1462.49, -230.00
-1487.05, -230.00
-1400.07, -230.00
-1488.10, -230.00
-1488.10, -230.00
-1579.50, -230.00
-1575.63, -230.00
-1573.98, -230.00
-1486.53, -230.00
-1571.23, -230.00
-1549.05, -240.00
-1573.43, -240.00
-1486.53, -240.00
-1574.53, -240.00
-1575.63, -240.00
-1574.53, -240.00
-1659.68, -240.00
-1662.58, -240.00
-1574.53, -240.00
-1573.98, -240.00
-1462.49, -250.00
-1572.88, -250.00
-1575.63, -250.00
-1486.53, -250.00
-1486.53, -250.00
-1667.25, -250.00
-1835.02, -250.00
-1748.25, -250.00
-1747.03, -250.00
-1748.86, -250.00
-1805.36, -260.00
-1746.42, -260.00
-1746.42, -260.00
-1754.39, -260.00
-1832.46, -260.00
-1833.74, -260.00
-1836.95, -260.00
-1836.95, -260.00
-1842.11, -260.00
-1836.31, -260.00
-1890.03, -270.00
-1922.40, -270.00
-2006.98, -270.00
-1925.10, -270.00
-1921.06, -270.00
-1921.73, -270.00
-2094.24, -270.00
-2183.02, -270.00
-2096.44, -270.00
-2094.97, -270.00
-2063.27, -280.00
-2009.08, -280.00
-2097.17, -280.00
-2094.97, -280.00
-2094.24, -280.00
-2179.98, -280.00
-2096.44, -280.00
-2095.70, -280.00
-1921.06, -280.00
-2010.49, -280.00
-1891.33, -290.00
-2095.70, -290.00
-2271.14, -290.00
-2357.67, -290.00
-2269.55, -290.00
-2265.60, -290.00
-2267.18, -290.00
-2265.60, -290.00
-2271.14, -290.00
-2351.92, -290.00
-2235.21, -300.00
-2353.56, -300.00
-2354.38, -300.00
-2434.78, -300.00
-2356.84, -300.00
-2441.58, -300.00
-2357.67, -300.00
-2357.67, -300.00
-2451.84, -300.00
-2613.24, -300.00
-2568.49, -310.00
-2527.89, -310.00
-2444.99, -310.00
-2439.87, -310.00
-2526.13, -310.00
-2527.89, -310.00
-2610.51, -310.00
-2440.73, -310.00
-2268.76, -310.00
-2269.55, -310.00
-2318.79, -320.00
-2615.06, -320.00
-2790.37, -320.00
-2788.43, -320.00
-2614.15, -320.00
-2615.97, -320.00
-2615.06, -320.00
-2702.23, -320.00
-2700.35, -320.00
-2701.29, -320.00
-2743.48, -330.00
-2698.47, -330.00
-2787.46, -330.00
-2785.52, -330.00
-2698.47, -330.00
-2784.55, -330.00
-2874.56, -330.00
-2957.55, -330.00
-2870.56, -330.00
-2702.23, -330.00
-2738.79, -340.00
-2877.57, -340.00
-2877.57, -340.00
-2708.84, -340.00
-2527.01, -340.00
-2527.89, -340.00
-2614.15, -340.00
-2876.57, -340.00
-3132.61, -340.00
-2961.67, -340.00
-2821.48, -350.00
-2874.56, -350.00
-2874.56, -350.00
-3043.48, -350.00
-2876.57, -350.00
-2956.52, -350.00
-3045.60, -350.00
-3042.42, -350.00
-2954.47, -350.00
-2963.74, -350.00
-3083.25, -360.00
-3297.47, -360.00
-3138.08, -360.00
-2964.77, -360.00
-2877.57, -360.00
-3130.43, -360.00
-3128.26, -360.00
-2958.58, -360.00
-2703.17, -360.00
-2702.23, -360.00
-2994.52, -370.00
-3307.80, -370.00
-3396.03, -370.00
-3139.17, -370.00
-3047.72, -370.00
-3133.70, -370.00
-3226.37, -370.00
-3217.39, -370.00
-3303.20, -370.00
-3225.24, -370.00
-3335.61, -380.00
-3138.08, -380.00
-3305.50, -380.00
-3391.30, -380.00
-3481.89, -380.00
-3304.35, -380.00
-3215.15, -380.00
-3224.12, -380.00
-3385.42, -380.00
-3136.98, -380.00
-2911.96, -390.00
-2962.70, -390.00
-3226.37, -390.00
-3645.83, -390.00
-3566.46, -390.00
-3302.05, -390.00
-3218.51, -390.00
-3393.66, -390.00
-3478.26, -390.00
-3563.98, -390.00
-3424.66, -400.00
-3480.68, -400.00
-3390.13, -400.00
-3479.47, -400.00
-3730.05, -400.00
-3653.44, -400.00
-3478.26, -400.00
-3390.13, -400.00
-3474.64, -400.00
-3552.86, -400.00
-3168.89, -410.00
-3131.52, -410.00
-3313.57, -410.00
-3823.43, -410.00
-3824.76, -410.00
-3555.32, -410.00
-3393.66, -410.00
-3567.70, -410.00
-3655.99, -410.00
-3818.12, -410.00
-3673.96, -420.00
-3565.22, -420.00
-3562.74, -420.00
-3728.75, -420.00
-3826.09, -420.00
-3733.94, -420.00
-3555.32, -420.00
-3565.22, -420.00
-3645.83, -420.00
-3478.26, -420.00
-3167.81, -430.00
-3302.05, -430.00
-3735.23, -430.00
-3993.06, -430.00
-3811.50, -430.00
-3478.26, -430.00
-3559.03, -430.00
-3740.43, -430.00
-3823.43, -430.00
-3818.12, -430.00
-3754.27, -440.00
-3562.74, -440.00
-3819.44, -440.00
-3988.90, -440.00
-3900.83, -440.00
-3649.63, -440.00
-3650.90, -440.00
-3739.13, -440.00
-3638.25, -440.00
-3299.76, -440.00
-3425.83, -450.00
-3913.04, -450.00
-4240.22, -450.00
-3816.79, -450.00
-3645.83, -450.00
-3743.04, -450.00
-3994.44, -450.00
-4075.62, -450.00
-3988.90, -450.00
-3740.43, -450.00
-3839.59, -460.00
-4078.44, -460.00
-4159.45, -460.00
-3904.89, -460.00
-3816.79, -460.00
-3824.76, -460.00
-3819.44, -460.00
-3477.05, -460.00
-3567.70, -460.00
-4079.86, -460.00
-4347.08, -470.00
-3993.06, -470.00
-3818.12, -470.00
-3824.76, -470.00
-4238.75, -470.00
-4250.52, -470.00
-4077.03, -470.00
-3907.61, -470.00
-3993.06, -470.00
-4331.25, -470.00
-4179.46, -480.00
-3994.44, -480.00
-3991.67, -480.00
-3902.19, -480.00
-3732.64, -480.00
-3726.17, -480.00
-3998.61, -480.00
-4504.50, -480.00
-4257.91, -480.00
-3994.44, -480.00
-3931.62, -490.00
-4254.95, -490.00
-4343.29, -490.00
-4246.10, -490.00
-4074.20, -490.00
-4169.56, -490.00
-4334.26, -490.00
-4424.01, -490.00
-4078.44, -490.00
-4081.28, -490.00
-4094.17, -500.00
-3815.47, -500.00
-3827.42, -500.00
-4338.77, -500.00
-4583.19, -500.00
-4328.25, -500.00
-3991.67, -500.00
-4166.67, -500.00
-4495.16, -500.00
