time, ticks/second, set point
right motor

85604000.00, 0.00, 0.00
85612008.00, 0.00, 0.00
85620016.00, 0.00, 0.00
85628016.00, 0.00, 0.00
85636032.00, 0.00, 0.00
85644032.00, 0.00, 0.00
85652040.00, 0.00, 0.00
85660048.00, 0.00, 0.00
85668056.00, 0.00, 0.00
85676064.00, 0.00, 0.00
85684064.00, 0.00, 0.00
85692072.00, 0.00, 0.00
85700080.00, 0.00, 0.00
85708080.00, 0.00, 0.00
85716096.00, 0.00, 0.00
85724104.00, 0.00, 0.00
85732112.00, 0.00, 0.00
85740120.00, 0.00, 0.00
85748128.00, 0.00, 0.00
85756136.00, 0.00, 0.00
85764144.00, 0.00, 0.00
85772152.00, 0.00, 0.00
85780160.00, 0.00, 0.00
85788160.00, 0.00, 0.00
85796176.00, 0.00, 0.00
85804176.00, 0.00, 0.00
85812192.00, 0.00, 0.00
85820192.00, 0.00, 0.00
85828208.00, 0.00, 0.00
85836208.00, 0.00, 0.00
85844224.00, 0.00, 0.00
85852224.00, 0.00, 0.00
85860240.00, 0.00, 0.00
85868240.00, 0.00, 0.00
85876248.00, 0.00, 0.00
85884256.00, 0.00, 0.00
85892264.00, 0.00, 0.00
85900272.00, 0.00, 0.00
85908280.00, 0.00, 0.00
85916288.00, 0.00, 0.00
85924296.00, 0.00, 0.00
85932304.00, 0.00, 0.00
85940312.00, 0.00, 0.00
85948320.00, 0.00, 0.00
85956328.00, 0.00, 0.00
85964336.00, 0.00, 0.00
85972344.00, 0.00, 0.00
85980352.00, 0.00, 0.00
85988368.00, 0.00, 0.00
85996376.00, 0.00, 0.00
86004384.00, 0.00, 0.00
86012392.00, 0.00, 0.00
86020400.00, 0.00, 0.00
86028408.00, 0.00, 0.00
86036416.00, 0.00, 0.00
86044432.00, 0.00, 0.00
86052432.00, 0.00, 0.00
86060448.00, 0.00, 0.00
86068448.00, 0.00, 0.00
86076456.00, 0.00, 0.00
86084464.00, 0.00, 0.00
86092472.00, 0.00, 0.00
86100480.00, 0.00, 0.00
86108480.00, 0.00, 0.00
86116496.00, 0.00, 0.00
86124496.00, 0.00, 0.00
86132512.00, 0.00, 0.00
87134360.00, 0.00, 300.00
87142368.00, 0.00, 300.00
87150376.00, 0.00, 300.00
87158384.00, 0.00, 300.00
87166384.00, 124.88, 300.00
87174392.00, 374.81, 300.00
87182400.00, 873.69, 300.00
87190416.00, 999.00, 300.00
87198416.00, 1123.88, 300.00
87206432.00, 1248.75, 300.00
87214432.00, 1373.63, 300.00
87222448.00, 1372.94, 300.00
87230456.00, 1248.75, 300.00
87238464.00, 1248.13, 300.00
87246480.00, 1373.63, 300.00
87254480.00, 1498.50, 300.00
87262496.00, 1498.50, 300.00
87270504.00, 1622.57, 300.00
87278512.00, 1498.50, 300.00
87286520.00, 1623.38, 300.00
87294528.00, 1748.25, 300.00
87302536.00, 1623.38, 300.00
87310544.00, 1747.38, 300.00
87318560.00, 1748.25, 300.00
87326560.00, 1748.25, 300.00
87334576.00, 1872.19, 300.00
87342592.00, 1747.38, 300.00
87350592.00, 1873.13, 300.00
87358608.00, 1873.13, 300.00
87366608.00, 1873.13, 300.00
87374632.00, 1995.01, 300.00
87382640.00, 1874.06, 300.00
87390648.00, 1872.19, 300.00
87398656.00, 1872.19, 300.00
87406672.00, 1873.13, 300.00
87414696.00, 1993.02, 300.00
87422704.00, 1873.13, 300.00
87430720.00, 1997.00, 300.00
87438720.00, 1998.00, 300.00
87446736.00, 1998.00, 300.00
87454736.00, 1873.13, 300.00
87462752.00, 1997.00, 300.00
87470760.00, 1998.00, 300.00
87478768.00, 2122.88, 300.00
87486768.00, 1999.00, 300.00
87494784.00, 2121.82, 300.00
87502792.00, 2122.88, 300.00
87510800.00, 2121.82, 300.00
87518816.00, 2122.88, 300.00
87526816.00, 2123.94, 300.00
87534824.00, 2122.88, 300.00
87542832.00, 2123.94, 300.00
87550840.00, 1997.00, 300.00
87558848.00, 2122.88, 300.00
87566856.00, 2122.88, 300.00
87574864.00, 2121.82, 300.00
87582880.00, 2122.88, 300.00
87590888.00, 2246.63, 300.00
87598896.00, 2121.82, 300.00
87606912.00, 2245.51, 300.00
87614944.00, 2243.27, 300.00
87622944.00, 2122.88, 300.00
87630960.00, 2247.75, 300.00
87638960.00, 2248.88, 300.00
87646960.00, 2248.88, 300.00
87654968.00, 2248.88, 300.00
87662976.00, 2373.81, 300.00
87670984.00, 2246.63, 300.00
87678992.00, 2372.63, 300.00
87687000.00, 2372.63, 300.00
87695008.00, 2372.63, 300.00
87703016.00, 2372.63, 300.00
87711024.00, 2372.63, 300.00
87719032.00, 2372.63, 300.00
87727040.00, 2496.26, 300.00
87735056.00, 2372.63, 300.00
87743056.00, 2497.50, 300.00
87751064.00, 2373.81, 300.00
87759072.00, 2372.63, 300.00
87767072.00, 2373.81, 300.00
87775088.00, 2371.44, 300.00
87783120.00, 2491.28, 300.00
87791120.00, 2372.63, 300.00
87799136.00, 2371.44, 300.00
87807168.00, 2490.04, 300.00
87815184.00, 2246.63, 300.00
87823184.00, 2373.81, 300.00
87831192.00, 2372.63, 300.00
87839200.00, 2498.75, 300.00
87847200.00, 2372.63, 300.00
87855216.00, 2496.26, 300.00
87863224.00, 2497.50, 300.00
87871232.00, 2371.44, 300.00
87879240.00, 2498.75, 300.00
87887248.00, 2372.63, 300.00
87895256.00, 2372.63, 300.00
87903264.00, 2372.63, 300.00
87911280.00, 2371.44, 300.00
87919288.00, 2371.44, 300.00
87927296.00, 2372.63, 300.00
87935312.00, 2371.44, 300.00
87943320.00, 2371.44, 300.00
87951328.00, 2498.75, 300.00
87959328.00, 2372.63, 300.00
87967344.00, 2497.50, 300.00
87975344.00, 2373.81, 300.00
87983352.00, 2497.50, 300.00
87991360.00, 2372.63, 300.00
87999376.00, 2496.26, 300.00
88007376.00, 2497.50, 300.00
88015392.00, 2497.50, 300.00
88023392.00, 2497.50, 300.00
88031400.00, 2498.75, 300.00
88039416.00, 2619.76, 300.00
88047424.00, 2496.26, 300.00
88055432.00, 2498.75, 300.00
88063440.00, 2622.38, 300.00
88071440.00, 2498.75, 300.00
88079456.00, 2496.26, 300.00
88087464.00, 2497.50, 300.00
88095472.00, 2497.50, 300.00
88103480.00, 2497.50, 300.00
88111504.00, 2491.28, 300.00
88119520.00, 2372.63, 300.00
88127520.00, 2497.50, 300.00
88135536.00, 2497.50, 300.00
88143536.00, 2497.50, 300.00
88151552.00, 2371.44, 300.00
88159568.00, 2496.26, 300.00
88167568.00, 2497.50, 300.00
88175584.00, 2496.26, 300.00
88183592.00, 2497.50, 300.00
88191600.00, 2496.26, 300.00
88199608.00, 2498.75, 300.00
88207616.00, 2497.50, 300.00
88215632.00, 2496.26, 300.00
88223640.00, 2496.26, 300.00
88231648.00, 2373.81, 300.00
88239648.00, 2498.75, 300.00
88247656.00, 2372.63, 300.00
88255664.00, 2497.50, 300.00
88263672.00, 2497.50, 300.00
88271680.00, 2497.50, 300.00
88279680.00, 2498.75, 300.00
88287696.00, 2497.50, 300.00
88295696.00, 2498.75, 300.00
88303704.00, 2497.50, 300.00
88311712.00, 2497.50, 300.00
88319712.00, 2623.69, 300.00
88327728.00, 2621.07, 300.00
88335736.00, 2497.50, 300.00
88343744.00, 2623.69, 300.00
88351760.00, 2619.76, 300.00
88359760.00, 2622.38, 300.00
88367792.00, 2617.15, 300.00
88375808.00, 2618.45, 300.00
88383808.00, 2623.69, 300.00
88391824.00, 2497.50, 300.00
88399824.00, 2623.69, 300.00
88407832.00, 2622.38, 300.00
88415840.00, 2497.50, 300.00
88423848.00, 2497.50, 300.00
88431856.00, 2497.50, 300.00
88439856.00, 2623.69, 300.00
88447864.00, 2498.75, 300.00
88455872.00, 2622.38, 300.00
88463872.00, 2373.81, 300.00
88471888.00, 2497.50, 300.00
88479888.00, 2497.50, 300.00
88487904.00, 2497.50, 300.00
88495912.00, 2621.07, 300.00
88503920.00, 2498.75, 300.00
88511920.00, 2497.50, 300.00
88519936.00, 2496.26, 300.00
88527944.00, 2622.38, 300.00
88535952.00, 2373.81, 300.00
88543952.00, 2497.50, 300.00
88551968.00, 2497.50, 300.00
88559968.00, 2372.63, 300.00
88567984.00, 2497.50, 300.00
88576016.00, 2490.04, 300.00
88584040.00, 2366.72, 300.00
88592048.00, 2622.38, 300.00
88600064.00, 2496.26, 300.00
88608064.00, 2497.50, 300.00
88616080.00, 2497.50, 300.00
88624080.00, 2497.50, 300.00
88632088.00, 2498.75, 300.00
88640112.00, 2617.15, 300.00
88648120.00, 2497.50, 300.00
88656128.00, 2623.69, 300.00
88664144.00, 2617.15, 300.00
88672160.00, 2497.50, 300.00
88680160.00, 2622.38, 300.00
88688168.00, 2623.69, 300.00
88696176.00, 2621.07, 300.00
88704192.00, 2622.38, 300.00
88712200.00, 2496.26, 300.00
88720208.00, 2622.38, 300.00
88728224.00, 2618.45, 300.00
88736232.00, 2498.75, 300.00
88744240.00, 2497.50, 300.00
88752248.00, 2622.38, 300.00
88760256.00, 2498.75, 300.00
88768256.00, 2623.69, 300.00
88776256.00, 2498.75, 300.00
88784272.00, 2372.63, 300.00
88792272.00, 2622.38, 300.00
88800280.00, 2498.75, 300.00
88808288.00, 2622.38, 300.00
88816296.00, 2497.50, 300.00
88824304.00, 2622.38, 300.00
88832336.00, 2615.84, 300.00
88840336.00, 2498.75, 300.00
88848336.00, 2498.75, 300.00
88856344.00, 2498.75, 300.00
88864352.00, 2497.50, 300.00
88872360.00, 2497.50, 300.00
88880368.00, 2497.50, 300.00
88888376.00, 2497.50, 300.00
88896384.00, 2498.75, 300.00
88904392.00, 2496.26, 300.00
88912400.00, 2497.50, 300.00
88920408.00, 2622.38, 300.00
88928416.00, 2497.50, 300.00
88936424.00, 2497.50, 300.00
88944432.00, 2622.38, 300.00
88952448.00, 2496.26, 300.00
88960456.00, 2621.07, 300.00
88968464.00, 2497.50, 300.00
88976472.00, 2622.38, 300.00
88984480.00, 2622.38, 300.00
88992488.00, 2622.38, 300.00
89000496.00, 2621.07, 300.00
89008512.00, 2621.07, 300.00
89016520.00, 2622.38, 300.00
89024528.00, 2622.38, 300.00
89032536.00, 2497.50, 300.00
89040544.00, 2623.69, 300.00
89048544.00, 2497.50, 300.00
89056552.00, 2498.75, 300.00
89064560.00, 2622.38, 300.00
89072568.00, 2497.50, 300.00
89080576.00, 2497.50, 300.00
89088584.00, 2622.38, 300.00
89096592.00, 2373.81, 300.00
89104592.00, 2497.50, 300.00
89112608.00, 2497.50, 300.00
89120616.00, 2621.07, 300.00
89128624.00, 2497.50, 300.00
89136656.00, 2491.28, 300.00
89144656.00, 2623.69, 300.00
89152664.00, 2497.50, 300.00
89160672.00, 2496.26, 300.00
89168680.00, 2498.75, 300.00
89176688.00, 2498.75, 300.00
89184696.00, 2496.26, 300.00
89192704.00, 2497.50, 300.00
90197144.00, 2551.67, 600.00
90205152.00, 2622.38, 600.00
90213168.00, 2621.07, 600.00
90221168.00, 2747.25, 600.00
90229176.00, 2873.56, 600.00
90237184.00, 3123.44, 600.00
90245208.00, 3238.66, 600.00
90253216.00, 3246.75, 600.00
90261232.00, 3491.27, 600.00
90269248.00, 3496.50, 600.00
90277248.00, 3496.50, 600.00
90285256.00, 3623.19, 600.00
90293280.00, 3612.36, 600.00
90301296.00, 3621.38, 600.00
90309304.00, 3744.38, 600.00
90317312.00, 3871.13, 600.00
90325312.00, 3623.19, 600.00
90333328.00, 3869.20, 600.00
90341336.00, 3996.00, 600.00
90349344.00, 3998.00, 600.00
90357344.00, 3996.00, 600.00
90365360.00, 3996.00, 600.00
90373376.00, 3988.04, 600.00
90381408.00, 3986.05, 600.00
90389416.00, 3996.00, 600.00
90397424.00, 3994.01, 600.00
90405432.00, 4122.94, 600.00
90413440.00, 4247.88, 600.00
90421440.00, 4120.88, 600.00
90429472.00, 4361.91, 600.00
90437480.00, 4243.63, 600.00
90445504.00, 4486.54, 600.00
90453512.00, 4370.63, 600.00
90461520.00, 4493.26, 600.00
90469536.00, 4493.26, 600.00
90477544.00, 4370.63, 600.00
90485552.00, 4497.75, 600.00
90493552.00, 4370.63, 600.00
90501568.00, 4495.50, 600.00
90509568.00, 4495.50, 600.00
90517584.00, 4245.75, 600.00
90525584.00, 4495.50, 600.00
90533592.00, 4497.75, 600.00
90541600.00, 4495.50, 600.00
90549608.00, 4495.50, 600.00
90557616.00, 4370.63, 600.00
90565616.00, 4497.75, 600.00
90573632.00, 4370.63, 600.00
90581632.00, 4372.81, 600.00
90589640.00, 4495.50, 600.00
90597648.00, 4620.38, 600.00
90605656.00, 4495.50, 600.00
90613664.00, 4618.07, 600.00
90621680.00, 4745.25, 600.00
90629696.00, 4735.79, 600.00
90637720.00, 4738.15, 600.00
90645728.00, 4745.25, 600.00
90653736.00, 4620.38, 600.00
90661744.00, 4742.89, 600.00
90669760.00, 4620.38, 600.00
90677776.00, 4735.79, 600.00
90685792.00, 4618.07, 600.00
90693792.00, 4497.75, 600.00
90701800.00, 4622.69, 600.00
90709808.00, 4745.25, 600.00
90717816.00, 4620.38, 600.00
90725824.00, 4622.69, 600.00
90733824.00, 4495.50, 600.00
90741840.00, 4618.07, 600.00
90749848.00, 4495.50, 600.00
90757856.00, 4497.75, 600.00
90765872.00, 4740.52, 600.00
90773872.00, 4622.69, 600.00
90781904.00, 4733.43, 600.00
90789912.00, 4742.89, 600.00
90797920.00, 4742.89, 600.00
90805936.00, 4867.70, 600.00
90813944.00, 4870.13, 600.00
90821968.00, 4858.00, 600.00
90829984.00, 4745.25, 600.00
90837984.00, 4747.63, 600.00
90845984.00, 4747.63, 600.00
90854000.00, 4745.25, 600.00
90862000.00, 4620.38, 600.00
90870016.00, 4742.89, 600.00
90878024.00, 4745.25, 600.00
90886032.00, 4745.25, 600.00
90894040.00, 4620.38, 600.00
90902048.00, 4618.07, 600.00
90910056.00, 4622.69, 600.00
90918064.00, 4618.07, 600.00
90926080.00, 4620.38, 600.00
90934080.00, 4622.69, 600.00
90942088.00, 4745.25, 600.00
90950096.00, 4745.25, 600.00
90958104.00, 4745.25, 600.00
90966112.00, 4870.13, 600.00
90974128.00, 4867.70, 600.00
90982136.00, 4867.70, 600.00
90990144.00, 4870.13, 600.00
90998160.00, 4867.70, 600.00
91006160.00, 4747.63, 600.00
91014176.00, 4742.89, 600.00
91022176.00, 4870.13, 600.00
91030192.00, 4620.38, 600.00
91038192.00, 4745.25, 600.00
91046208.00, 4745.25, 600.00
91054216.00, 4742.89, 600.00
91062224.00, 4745.25, 600.00
91070232.00, 4620.38, 600.00
91078256.00, 4733.43, 600.00
91086272.00, 4618.07, 600.00
91094280.00, 4620.38, 600.00
91102288.00, 4620.38, 600.00
91110296.00, 4745.25, 600.00
91118304.00, 4742.89, 600.00
91126320.00, 4870.13, 600.00
91134320.00, 4870.13, 600.00
91142328.00, 4872.56, 600.00
91150344.00, 4865.27, 600.00
91158352.00, 4870.13, 600.00
91166360.00, 4870.13, 600.00
91174368.00, 4742.89, 600.00
91182384.00, 4870.13, 600.00
91190392.00, 4742.89, 600.00
91198400.00, 4745.25, 600.00
91206408.00, 4620.38, 600.00
91214416.00, 4867.70, 600.00
91222432.00, 4745.25, 600.00
91230440.00, 4742.89, 600.00
91238448.00, 4618.07, 600.00
91246464.00, 4618.07, 600.00
91254472.00, 4620.38, 600.00
91262480.00, 4620.38, 600.00
91270480.00, 4747.63, 600.00
91278496.00, 4745.25, 600.00
91286496.00, 4745.25, 600.00
91294504.00, 4747.63, 600.00
91302512.00, 4867.70, 600.00
91310528.00, 4870.13, 600.00
91318528.00, 4872.56, 600.00
91326536.00, 4995.00, 600.00
91334544.00, 4747.63, 600.00
91342552.00, 4867.70, 600.00
91350560.00, 4745.25, 600.00
91358568.00, 4870.13, 600.00
91366576.00, 4747.63, 600.00
91374576.00, 4622.69, 600.00
91382576.00, 4872.56, 600.00
91390592.00, 4745.25, 600.00
91398592.00, 4745.25, 600.00
91406608.00, 4745.25, 600.00
91414608.00, 4622.69, 600.00
91422608.00, 4622.69, 600.00
91430624.00, 4620.38, 600.00
91438648.00, 4733.43, 600.00
91446656.00, 4745.25, 600.00
91454656.00, 4747.63, 600.00
91462672.00, 4740.52, 600.00
92464296.00, 4775.26, 0.00
92472304.00, 4870.13, 0.00
92480304.00, 4872.56, 0.00
92488320.00, 4742.89, 0.00
92496336.00, 4867.70, 0.00
92504352.00, 4865.27, 0.00
92512352.00, 4620.38, 0.00
92520368.00, 4495.50, 0.00
92528368.00, 4622.69, 0.00
92536368.00, 4497.75, 0.00
92544384.00, 4243.63, 0.00
92552392.00, 4245.75, 0.00
92560400.00, 4247.88, 0.00
92568400.00, 4245.75, 0.00
92576416.00, 3996.00, 0.00
92584416.00, 3998.00, 0.00
92592424.00, 3871.13, 0.00
92600432.00, 3746.25, 0.00
92608432.00, 3748.13, 0.00
92616448.00, 3744.38, 0.00
92624456.00, 3621.38, 0.00
92632464.00, 3621.38, 0.00
92640464.00, 3623.19, 0.00
92648472.00, 3623.19, 0.00
92656496.00, 3614.16, 0.00
92664496.00, 3498.25, 0.00
92672512.00, 3494.76, 0.00
92680520.00, 3496.50, 0.00
92688528.00, 3369.94, 0.00
92696544.00, 3371.63, 0.00
92704544.00, 3371.63, 0.00
92712560.00, 3120.32, 0.00
92720568.00, 3121.88, 0.00
92728576.00, 3120.32, 0.00
92736592.00, 2997.00, 0.00
92744592.00, 2997.00, 0.00
92752608.00, 2997.00, 0.00
92760624.00, 2869.26, 0.00
92768632.00, 2621.07, 0.00
92776664.00, 2739.04, 0.00
92784672.00, 2622.38, 0.00
92792680.00, 2747.25, 0.00
92800688.00, 2621.07, 0.00
92808704.00, 2496.26, 0.00
92816712.00, 2497.50, 0.00
92824720.00, 2497.50, 0.00
92832728.00, 2372.63, 0.00
92840736.00, 2246.63, 0.00
92848752.00, 2247.75, 0.00
92856752.00, 2122.88, 0.00
92864768.00, 2122.88, 0.00
92872776.00, 2121.82, 0.00
92880784.00, 1997.00, 0.00
92888800.00, 1997.00, 0.00
92896808.00, 1998.00, 0.00
92904816.00, 1999.00, 0.00
92912816.00, 1873.13, 0.00
92920848.00, 1994.02, 0.00
92928856.00, 1872.19, 0.00
92936864.00, 1748.25, 0.00
92944880.00, 1747.38, 0.00
92952896.00, 1871.26, 0.00
92960912.00, 1746.51, 0.00
92968912.00, 1623.38, 0.00
92976920.00, 1749.13, 0.00
92984928.00, 1623.38, 0.00
92992936.00, 1498.50, 0.00
93000944.00, 1623.38, 0.00
93008952.00, 1498.50, 0.00
93016960.00, 1497.75, 0.00
93024976.00, 1373.63, 0.00
93032984.00, 1372.94, 0.00
93040992.00, 1374.31, 0.00
93048992.00, 1248.75, 0.00
93057008.00, 1248.75, 0.00
93065008.00, 1249.38, 0.00
93073016.00, 1123.88, 0.00
93081024.00, 1123.88, 0.00
93089032.00, 999.00, 0.00
93097040.00, 999.50, 0.00
93105040.00, 999.00, 0.00
93113056.00, 874.13, 0.00
93121064.00, 748.88, 0.00
93129072.00, 874.13, 0.00
93137080.00, 749.25, 0.00
93145096.00, 623.75, 0.00
93153104.00, 749.25, 0.00
93161112.00, 624.38, 0.00
93169120.00, 624.69, 0.00
93177120.00, 499.50, 0.00
93185136.00, 499.50, 0.00
93193144.00, 499.25, 0.00
93201152.00, 499.75, 0.00
93209152.00, 374.63, 0.00
93217168.00, 374.63, 0.00
93225176.00, 374.44, 0.00
93233184.00, 249.63, 0.00
93241200.00, 249.75, 0.00
93249200.00, 249.88, 0.00
93257208.00, 124.88, 0.00
93265216.00, 249.63, 0.00
93273232.00, 124.88, 0.00
93281232.00, 0.00, 0.00
93289240.00, 124.88, 0.00
93297248.00, 0.00, 0.00
93305264.00, 0.00, 0.00
93313264.00, 0.00, 0.00
93321272.00, 0.00, 0.00
93329280.00, 0.00, 0.00
93337288.00, -124.88, 0.00
93345296.00, 0.00, 0.00
93353304.00, -124.88, 0.00
93361312.00, 0.00, 0.00
93369312.00, 0.00, 0.00
93377328.00, 0.00, 0.00
93385336.00, -124.81, 0.00
93393344.00, 0.00, 0.00
93401352.00, 0.00, 0.00
93409360.00, 0.00, 0.00
93417360.00, 0.00, 0.00
93425368.00, 0.00, 0.00
93433376.00, 0.00, 0.00
93441384.00, 0.00, 0.00
93449392.00, 0.00, 0.00
93457400.00, 0.00, 0.00
93465408.00, 0.00, 0.00
93473416.00, 0.00, 0.00
93481424.00, 0.00, 0.00
93489424.00, 0.00, 0.00
93497440.00, 0.00, 0.00
93505440.00, 0.00, 0.00
93513448.00, 0.00, 0.00
93521456.00, 0.00, 0.00
93529472.00, 0.00, 0.00
93537472.00, 0.00, 0.00
93545488.00, 0.00, 0.00
93553488.00, 0.00, 0.00
93561496.00, 0.00, 0.00
93569504.00, 0.00, 0.00
93577504.00, 0.00, 0.00
93585520.00, 0.00, 0.00
93593520.00, 0.00, 0.00
93601536.00, 0.00, 0.00
93609536.00, 0.00, 0.00
93617544.00, 0.00, 0.00
93625552.00, 0.00, 0.00
93633560.00, 0.00, 0.00
93641568.00, 0.00, 0.00
93649568.00, 0.00, 0.00
93657584.00, 0.00, 0.00
93665584.00, 0.00, 0.00
93673592.00, 0.00, 0.00
93681600.00, 0.00, 0.00
93689616.00, 0.00, 0.00
93697632.00, 0.00, 0.00
93705640.00, 0.00, 0.00
93713648.00, 0.00, 0.00
93721656.00, 0.00, 0.00
93729664.00, 0.00, 0.00
93737672.00, 0.00, 0.00
93745680.00, 0.00, 0.00
93753680.00, 0.00, 0.00
93761696.00, 0.00, 0.00
93769704.00, 0.00, 0.00
93777712.00, 0.00, 0.00
93785720.00, 0.00, 0.00
93793728.00, 0.00, 0.00
93801728.00, 0.00, 0.00
93809744.00, 0.00, 0.00
93817744.00, 0.00, 0.00
93825752.00, 0.00, 0.00
93833760.00, 0.00, 0.00
93841776.00, 0.00, 0.00
93849792.00, 0.00, 0.00
93857800.00, 0.00, 0.00
93865808.00, 0.00, 0.00
93873808.00, 0.00, 0.00
93881816.00, 0.00, 0.00
93889824.00, 0.00, 0.00
93897840.00, 0.00, 0.00
93905840.00, 0.00, 0.00
93913856.00, 0.00, 0.00
93921856.00, 0.00, 0.00
93929872.00, 0.00, 0.00
93937872.00, 0.00, 0.00
93945880.00, 0.00, 0.00
93953888.00, 0.00, 0.00
93961888.00, 0.00, 0.00
93969904.00, 0.00, 0.00
93977904.00, 0.00, 0.00
93985920.00, 0.00, 0.00
93993920.00, 0.00, 0.00
94001928.00, 0.00, 0.00
94009936.00, 0.00, 0.00
94017936.00, 0.00, 0.00
94025952.00, 0.00, 0.00
94033952.00, 0.00, 0.00
94041960.00, 0.00, 0.00
94049968.00, 0.00, 0.00
94057984.00, 0.00, 0.00
94065984.00, 0.00, 0.00
94073992.00, 0.00, 0.00
94082000.00, 0.00, 0.00
94090000.00, 0.00, 0.00
94098016.00, 0.00, 0.00
94106016.00, 0.00, 0.00
94114024.00, 0.00, 0.00
94122032.00, 0.00, 0.00
94130032.00, 0.00, 0.00
94138048.00, 0.00, 0.00
94146048.00, 0.00, 0.00
94154056.00, 0.00, 0.00
94162064.00, 0.00, 0.00
94170072.00, 0.00, 0.00
94178080.00, 0.00, 0.00
94186080.00, 0.00, 0.00
94194096.00, 0.00, 0.00
94202096.00, 0.00, 0.00
94210112.00, 0.00, 0.00
94218112.00, 0.00, 0.00
94226120.00, 0.00, 0.00
94234128.00, 0.00, 0.00
94242144.00, 0.00, 0.00
94250160.00, 0.00, 0.00
94258160.00, 0.00, 0.00
94266176.00, 0.00, 0.00
94274176.00, 0.00, 0.00
94282192.00, 0.00, 0.00
94290192.00, 0.00, 0.00
94298208.00, 0.00, 0.00
94306208.00, 0.00, 0.00
94314224.00, 0.00, 0.00
94322224.00, 0.00, 0.00
94330232.00, 0.00, 0.00
94338240.00, 0.00, 0.00
94346256.00, 0.00, 0.00
94354256.00, 0.00, 0.00
94362272.00, 0.00, 0.00
94370272.00, 0.00, 0.00
94378280.00, 0.00, 0.00
94386288.00, 0.00, 0.00
94394288.00, 0.00, 0.00
94402304.00, 0.00, 0.00
94410312.00, 0.00, 0.00
94418320.00, 0.00, 0.00
94426336.00, 0.00, 0.00
94434336.00, 0.00, 0.00
94442344.00, 0.00, 0.00
94450352.00, 0.00, 0.00
94458360.00, 0.00, 0.00
94466368.00, 0.00, 0.00
94474384.00, 0.00, 0.00
94482392.00, 0.00, 0.00
94490400.00, 0.00, 0.00
94498416.00, 0.00, 0.00
94506432.00, 0.00, 0.00
94514432.00, 0.00, 0.00
94522440.00, 0.00, 0.00
94530448.00, 0.00, 0.00
94538464.00, 0.00, 0.00
94546472.00, 0.00, 0.00
94554480.00, 0.00, 0.00
94562496.00, 0.00, 0.00
94570512.00, 0.00, 0.00
94578512.00, 0.00, 0.00
94586520.00, 0.00, 0.00
94594528.00, 0.00, 0.00
94602528.00, 0.00, 0.00
94610536.00, 0.00, 0.00
94618544.00, 0.00, 0.00
94626544.00, 0.00, 0.00
94634560.00, 0.00, 0.00
94642560.00, 0.00, 0.00
94650560.00, 0.00, 0.00
94658576.00, 0.00, 0.00
94666576.00, 0.00, 0.00
94674584.00, 0.00, 0.00
94682592.00, 0.00, 0.00
94690600.00, 0.00, 0.00
94698608.00, 0.00, 0.00
94706608.00, 0.00, 0.00
94714624.00, 0.00, 0.00
94722624.00, 0.00, 0.00
94730640.00, 0.00, 0.00
94738640.00, 0.00, 0.00
94746640.00, 0.00, 0.00
94754656.00, 0.00, 0.00
94762656.00, 0.00, 0.00
94770656.00, 0.00, 0.00
94778672.00, 0.00, 0.00
94786672.00, 0.00, 0.00
94794688.00, 0.00, 0.00
94802688.00, 0.00, 0.00
94810696.00, 0.00, 0.00
94818704.00, 0.00, 0.00
94826704.00, 0.00, 0.00
94834720.00, 0.00, 0.00
94842720.00, 0.00, 0.00
94850728.00, 0.00, 0.00
94858736.00, 0.00, 0.00
94866752.00, 0.00, 0.00
94874768.00, 0.00, 0.00
95878304.00, -1.00, -300.00
95886312.00, 0.00, -300.00
95894320.00, 0.00, -300.00
95902336.00, 0.00, -300.00
95910336.00, -499.50, -300.00
95918344.00, -749.63, -300.00
95926352.00, -874.56, -300.00
95934352.00, -1123.88, -300.00
95942360.00, -1249.38, -300.00
95950368.00, -1248.75, -300.00
95958376.00, -1373.63, -300.00
95966384.00, -1373.63, -300.00
95974392.00, -1373.63, -300.00
95982400.00, -1372.94, -300.00
95990416.00, -1498.50, -300.00
95998416.00, -1498.50, -300.00
96006432.00, -1623.38, -300.00
96014440.00, -1622.57, -300.00
96022448.00, -1747.38, -300.00
96030456.00, -1749.13, -300.00
96038464.00, -1748.25, -300.00
96046464.00, -1749.13, -300.00
96054480.00, -1873.13, -300.00
96062480.00, -1873.13, -300.00
96070496.00, -1873.13, -300.00
96078496.00, -1873.13, -300.00
96086512.00, -1998.00, -300.00
96094512.00, -1998.00, -300.00
96102520.00, -1999.00, -300.00
96110528.00, -1997.00, -300.00
96118544.00, -1998.00, -300.00
96126552.00, -1997.00, -300.00
96134560.00, -1997.00, -300.00
96142568.00, -1999.00, -300.00
96150576.00, -1997.00, -300.00
96158584.00, -1999.00, -300.00
96166592.00, -1997.00, -300.00
96174608.00, -1998.00, -300.00
96182608.00, -2122.88, -300.00
96190624.00, -1998.00, -300.00
96198624.00, -2122.88, -300.00
96206640.00, -2122.88, -300.00
96214640.00, -2122.88, -300.00
96222648.00, -2248.88, -300.00
96230656.00, -2247.75, -300.00
96238664.00, -2372.63, -300.00
96246672.00, -2372.63, -300.00
96254680.00, -2247.75, -300.00
96262704.00, -2244.39, -300.00
96270704.00, -2123.94, -300.00
96278704.00, -2248.88, -300.00
96286720.00, -2247.75, -300.00
96294720.00, -2247.75, -300.00
96302752.00, -2490.04, -300.00
96310768.00, -2247.75, -300.00
96318776.00, -2371.44, -300.00
96326784.00, -2248.88, -300.00
96334784.00, -2372.63, -300.00
96342800.00, -2247.75, -300.00
96350800.00, -2372.63, -300.00
96358816.00, -2497.50, -300.00
96366816.00, -2373.81, -300.00
96374832.00, -2496.26, -300.00
96382832.00, -2372.63, -300.00
96390848.00, -2496.26, -300.00
96398848.00, -2373.81, -300.00
96406864.00, -2372.63, -300.00
96414864.00, -2497.50, -300.00
96422896.00, -2492.52, -300.00
96430896.00, -2372.63, -300.00
96438912.00, -2497.50, -300.00
96446920.00, -2496.26, -300.00
96454944.00, -2617.15, -300.00
96462944.00, -2498.75, -300.00
96470960.00, -2372.63, -300.00
96478960.00, -2497.50, -300.00
96486976.00, -2372.63, -300.00
96494976.00, -2497.50, -300.00
96502992.00, -2372.63, -300.00
96510992.00, -2373.81, -300.00
96518992.00, -2373.81, -300.00
96527000.00, -2373.81, -300.00
96535008.00, -2373.81, -300.00
96543008.00, -2372.63, -300.00
96551024.00, -2497.50, -300.00
96559024.00, -2498.75, -300.00
96567032.00, -2497.50, -300.00
96575040.00, -2622.38, -300.00
96583040.00, -2623.69, -300.00
96591048.00, -2498.75, -300.00
96599056.00, -2498.75, -300.00
96607056.00, -2498.75, -300.00
96615056.00, -2373.81, -300.00
96623064.00, -2498.75, -300.00
96631072.00, -2622.38, -300.00
96639080.00, -2497.50, -300.00
96647088.00, -2622.38, -300.00
96655096.00, -2497.50, -300.00
96663104.00, -2497.50, -300.00
96671104.00, -2498.75, -300.00
96679120.00, -2621.07, -300.00
96687136.00, -2496.26, -300.00
96695136.00, -2622.38, -300.00
96703152.00, -2497.50, -300.00
96711152.00, -2623.69, -300.00
96719160.00, -2497.50, -300.00
96727168.00, -2622.38, -300.00
96735176.00, -2622.38, -300.00
96743184.00, -2622.38, -300.00
96751192.00, -2622.38, -300.00
96759200.00, -2623.69, -300.00
96767208.00, -2621.07, -300.00
96775216.00, -2623.69, -300.00
96783224.00, -2621.07, -300.00
96791232.00, -2621.07, -300.00
96799248.00, -2496.26, -300.00
96807256.00, -2622.38, -300.00
96815264.00, -2497.50, -300.00
96823264.00, -2498.75, -300.00
96831272.00, -2498.75, -300.00
96839280.00, -2496.26, -300.00
96847296.00, -2497.50, -300.00
96855296.00, -2497.50, -300.00
96863312.00, -2496.26, -300.00
96871328.00, -2619.76, -300.00
96879352.00, -2617.15, -300.00
96887360.00, -2623.69, -300.00
96895360.00, -2622.38, -300.00
96903368.00, -2623.69, -300.00
96911376.00, -2622.38, -300.00
96919384.00, -2497.50, -300.00
96927392.00, -2496.26, -300.00
96935408.00, -2622.38, -300.00
96943408.00, -2622.38, -300.00
96951416.00, -2623.69, -300.00
96959424.00, -2623.69, -300.00
96967432.00, -2621.07, -300.00
96975440.00, -2498.75, -300.00
96983440.00, -2622.38, -300.00
96991456.00, -2622.38, -300.00
96999456.00, -2622.38, -300.00
97007472.00, -2622.38, -300.00
97015472.00, -2622.38, -300.00
97023480.00, -2623.69, -300.00
97031488.00, -2623.69, -300.00
97039488.00, -2622.38, -300.00
97047504.00, -2621.07, -300.00
97055512.00, -2747.25, -300.00
97063520.00, -2622.38, -300.00
97071528.00, -2622.38, -300.00
97079552.00, -2743.14, -300.00
97087552.00, -2622.38, -300.00
97095568.00, -2622.38, -300.00
97103568.00, -2622.38, -300.00
97111584.00, -2622.38, -300.00
97119584.00, -2497.50, -300.00
97127600.00, -2497.50, -300.00
97135600.00, -2498.75, -300.00
97143616.00, -2618.45, -300.00
97151632.00, -2497.50, -300.00
97159632.00, -2497.50, -300.00
97167648.00, -2496.26, -300.00
97175648.00, -2623.69, -300.00
97183664.00, -2622.38, -300.00
97191664.00, -2623.69, -300.00
97199672.00, -2747.25, -300.00
97207680.00, -2621.07, -300.00
97215696.00, -2747.25, -300.00
97223696.00, -2622.38, -300.00
97231712.00, -2496.26, -300.00
97239720.00, -2622.38, -300.00
97247728.00, -2623.69, -300.00
97255728.00, -2623.69, -300.00
97263728.00, -2748.63, -300.00
97271744.00, -2622.38, -300.00
97279744.00, -2497.50, -300.00
97287760.00, -2622.38, -300.00
97295760.00, -2748.63, -300.00
97303768.00, -2622.38, -300.00
97311776.00, -2745.88, -300.00
97319792.00, -2622.38, -300.00
97327792.00, -2622.38, -300.00
97335800.00, -2623.69, -300.00
97343808.00, -2622.38, -300.00
97351824.00, -2745.88, -300.00
97359824.00, -2623.69, -300.00
97367824.00, -2748.63, -300.00
97375832.00, -2623.69, -300.00
97383840.00, -2747.25, -300.00
97391840.00, -2623.69, -300.00
97399856.00, -2747.25, -300.00
97407856.00, -2622.38, -300.00
97415872.00, -2619.76, -300.00
97423888.00, -2496.26, -300.00
97431896.00, -2622.38, -300.00
97439904.00, -2497.50, -300.00
97447912.00, -2497.50, -300.00
97455920.00, -2621.07, -300.00
97463936.00, -2497.50, -300.00
97471960.00, -2615.84, -300.00
97479968.00, -2497.50, -300.00
97487984.00, -2745.88, -300.00
97495984.00, -2623.69, -300.00
97503984.00, -2748.63, -300.00
97511992.00, -2623.69, -300.00
97520000.00, -2747.25, -300.00
97528000.00, -2623.69, -300.00
97536016.00, -2621.07, -300.00
97544032.00, -2618.45, -300.00
97552048.00, -2497.50, -300.00
97560048.00, -2747.25, -300.00
97568064.00, -2622.38, -300.00
97576064.00, -2623.69, -300.00
97584080.00, -2621.07, -300.00
97592088.00, -2621.07, -300.00
97600096.00, -2745.88, -300.00
97608112.00, -2621.07, -300.00
97616128.00, -2745.88, -300.00
97624136.00, -2621.07, -300.00
97632144.00, -2622.38, -300.00
97640152.00, -2747.25, -300.00
97648160.00, -2622.38, -300.00
97656176.00, -2745.88, -300.00
97664184.00, -2621.07, -300.00
97672192.00, -2748.63, -300.00
97680192.00, -2747.25, -300.00
97688208.00, -2622.38, -300.00
97696208.00, -2748.63, -300.00
97704208.00, -2748.63, -300.00
97712224.00, -2621.07, -300.00
97720232.00, -2622.38, -300.00
97728240.00, -2622.38, -300.00
97736248.00, -2622.38, -300.00
97744256.00, -2497.50, -300.00
97752256.00, -2498.75, -300.00
97760272.00, -2621.07, -300.00
97768288.00, -2621.07, -300.00
97776288.00, -2497.50, -300.00
97784296.00, -2623.69, -300.00
97792304.00, -2745.88, -300.00
97800320.00, -2621.07, -300.00
97808328.00, -2747.25, -300.00
97816336.00, -2747.25, -300.00
97824344.00, -2747.25, -300.00
97832352.00, -2623.69, -300.00
97840352.00, -2622.38, -300.00
97848360.00, -2623.69, -300.00
97856368.00, -2622.38, -300.00
97864376.00, -2622.38, -300.00
97872384.00, -2748.63, -300.00
97880392.00, -2621.07, -300.00
97888400.00, -2622.38, -300.00
97896416.00, -2621.07, -300.00
97904416.00, -2747.25, -300.00
97912424.00, -2623.69, -300.00
97920432.00, -2622.38, -300.00
97928432.00, -2748.63, -300.00
97936448.00, -2621.07, -300.00
97944456.00, -2747.25, -300.00
97952464.00, -2623.69, -300.00
97960464.00, -2748.63, -300.00
97968480.00, -2621.07, -300.00
98972848.00, -2653.40, 300.00
98980848.00, -2498.75, 300.00
98988864.00, -2497.50, 300.00
98996864.00, -2373.81, 300.00
99004872.00, -999.00, 300.00
99012880.00, 124.94, 300.00
99020880.00, 999.50, 300.00
99028888.00, 1373.63, 300.00
99036896.00, 1373.63, 300.00
99044904.00, 1373.63, 300.00
99052912.00, 1248.75, 300.00
99060920.00, 1248.75, 300.00
99068936.00, 998.00, 300.00
99076944.00, 1123.32, 300.00
99084976.00, 1246.26, 300.00
99092984.00, 1248.13, 300.00
99100992.00, 1497.75, 300.00
99109000.00, 1499.25, 300.00
99117008.00, 1499.25, 300.00
99125008.00, 1624.19, 300.00
99133008.00, 1624.19, 300.00
99141016.00, 1624.19, 300.00
99149024.00, 1624.19, 300.00
99157032.00, 1747.38, 300.00
99165040.00, 1748.25, 300.00
99173040.00, 1749.13, 300.00
99181056.00, 1748.25, 300.00
99189056.00, 1873.13, 300.00
99197064.00, 1874.06, 300.00
99205072.00, 1873.13, 300.00
99213080.00, 1873.13, 300.00
99221088.00, 1998.00, 300.00
99229096.00, 1873.13, 300.00
99237104.00, 1998.00, 300.00
99245112.00, 1998.00, 300.00
99253136.00, 2117.59, 300.00
99261144.00, 1999.00, 300.00
99269152.00, 1997.00, 300.00
99277168.00, 2122.88, 300.00
99285168.00, 2122.88, 300.00
99293184.00, 2122.88, 300.00
99301184.00, 2122.88, 300.00
99309200.00, 2122.88, 300.00
99317200.00, 2122.88, 300.00
99325216.00, 2121.82, 300.00
99333224.00, 2122.88, 300.00
99341232.00, 2122.88, 300.00
99349240.00, 2122.88, 300.00
99357248.00, 2122.88, 300.00
99365256.00, 2122.88, 300.00
99373264.00, 2248.88, 300.00
99381280.00, 2244.39, 300.00
99389288.00, 2122.88, 300.00
99397296.00, 2248.88, 300.00
99405296.00, 2247.75, 300.00
99413312.00, 2247.75, 300.00
99421312.00, 2247.75, 300.00
99429344.00, 2366.72, 300.00
99437352.00, 2247.75, 300.00
99445360.00, 2247.75, 300.00
99453368.00, 2247.75, 300.00
99461376.00, 2247.75, 300.00
99469376.00, 2248.88, 300.00
99477384.00, 2248.88, 300.00
99485392.00, 2247.75, 300.00
99493400.00, 2372.63, 300.00
99501408.00, 2246.63, 300.00
99509424.00, 2247.75, 300.00
99517424.00, 2248.88, 300.00
99525440.00, 2371.44, 300.00
99533440.00, 2247.75, 300.00
99541456.00, 2371.44, 300.00
99549456.00, 2373.81, 300.00
99557472.00, 2372.63, 300.00
99565472.00, 2372.63, 300.00
99573488.00, 2497.50, 300.00
99581496.00, 2371.44, 300.00
99589512.00, 2495.01, 300.00
99597520.00, 2371.44, 300.00
99605536.00, 2496.26, 300.00
99613544.00, 2497.50, 300.00
99621568.00, 2491.28, 300.00
99629584.00, 2372.63, 300.00
99637584.00, 2497.50, 300.00
99645592.00, 2498.75, 300.00
99653600.00, 2497.50, 300.00
99661616.00, 2371.44, 300.00
99669616.00, 2497.50, 300.00
99677624.00, 2498.75, 300.00
99685632.00, 2372.63, 300.00
99693640.00, 2372.63, 300.00
99701648.00, 2498.75, 300.00
99709648.00, 2372.63, 300.00
99717664.00, 2496.26, 300.00
99725664.00, 2373.81, 300.00
99733672.00, 2498.75, 300.00
99741680.00, 2497.50, 300.00
99749704.00, 2492.52, 300.00
99757712.00, 2498.75, 300.00
99765712.00, 2497.50, 300.00
99773728.00, 2496.26, 300.00
99781728.00, 2373.81, 300.00
99789736.00, 2498.75, 300.00
99797744.00, 2373.81, 300.00
99805744.00, 2498.75, 300.00
99813752.00, 2372.63, 300.00
99821760.00, 2498.75, 300.00
99829768.00, 2496.26, 300.00
99837776.00, 2373.81, 300.00
99845776.00, 2498.75, 300.00
99853776.00, 2373.81, 300.00
99861792.00, 2496.26, 300.00
99869800.00, 2497.50, 300.00
99877808.00, 2496.26, 300.00
99885824.00, 2497.50, 300.00
99893824.00, 2622.38, 300.00
99901840.00, 2497.50, 300.00
99909840.00, 2623.69, 300.00
99917848.00, 2497.50, 300.00
99925856.00, 2622.38, 300.00
99933856.00, 2623.69, 300.00
99941888.00, 2615.84, 300.00
99949904.00, 2496.26, 300.00
99957904.00, 2622.38, 300.00
99965920.00, 2622.38, 300.00
99973944.00, 2615.84, 300.00
99981952.00, 2498.75, 300.00
99989968.00, 2619.76, 300.00
99997968.00, 2497.50, 300.00
100005984.00, 2497.50, 300.00
100013984.00, 2498.75, 300.00
100021992.00, 2497.50, 300.00
100030000.00, 2622.38, 300.00
100038008.00, 2497.50, 300.00
100046016.00, 2497.50, 300.00
100054032.00, 2496.26, 300.00
100062032.00, 2622.38, 300.00
100070048.00, 2496.26, 300.00
100078064.00, 2621.07, 300.00
100086064.00, 2498.75, 300.00
100094064.00, 2498.75, 300.00
100102080.00, 2497.50, 300.00
100110104.00, 2491.28, 300.00
100118112.00, 2497.50, 300.00
100126120.00, 2497.50, 300.00
100134128.00, 2497.50, 300.00
100142128.00, 2498.75, 300.00
100150144.00, 2496.26, 300.00
100158152.00, 2497.50, 300.00
100166160.00, 2373.81, 300.00
100174160.00, 2498.75, 300.00
100182160.00, 2498.75, 300.00
100190176.00, 2621.07, 300.00
100198192.00, 2496.26, 300.00
100206192.00, 2622.38, 300.00
100214208.00, 2497.50, 300.00
100222208.00, 2622.38, 300.00
100230224.00, 2622.38, 300.00
100238224.00, 2622.38, 300.00
100246240.00, 2622.38, 300.00
100254256.00, 2617.15, 300.00
100262272.00, 2497.50, 300.00
100270272.00, 2622.38, 300.00
100278288.00, 2622.38, 300.00
100286296.00, 2621.07, 300.00
100294304.00, 2623.69, 300.00
100302320.00, 2618.45, 300.00
100310320.00, 2498.75, 300.00
100318328.00, 2623.69, 300.00
100326336.00, 2497.50, 300.00
100334336.00, 2498.75, 300.00
100342368.00, 2490.04, 300.00
100350384.00, 2622.38, 300.00
100358384.00, 2497.50, 300.00
100366392.00, 2498.75, 300.00
100374400.00, 2622.38, 300.00
100382408.00, 2622.38, 300.00
100390416.00, 2497.50, 300.00
100398416.00, 2623.69, 300.00
100406432.00, 2622.38, 300.00
100414432.00, 2497.50, 300.00
100422448.00, 2621.07, 300.00
100430456.00, 2497.50, 300.00
100438464.00, 2497.50, 300.00
100446496.00, 2615.84, 300.00
100454496.00, 2497.50, 300.00
100462504.00, 2498.75, 300.00
100470512.00, 2497.50, 300.00
100478528.00, 2496.26, 300.00
100486528.00, 2497.50, 300.00
100494544.00, 2497.50, 300.00
100502544.00, 2622.38, 300.00
100510560.00, 2622.38, 300.00
100518576.00, 2617.15, 300.00
100526584.00, 2498.75, 300.00
100534592.00, 2622.38, 300.00
100542608.00, 2621.07, 300.00
100550608.00, 2622.38, 300.00
100558624.00, 2621.07, 300.00
100566632.00, 2622.38, 300.00
100574640.00, 2621.07, 300.00
100582648.00, 2623.69, 300.00
100590656.00, 2621.07, 300.00
100598672.00, 2622.38, 300.00
100606672.00, 2622.38, 300.00
100614688.00, 2621.07, 300.00
100622696.00, 2497.50, 300.00
100630704.00, 2621.07, 300.00
100638712.00, 2498.75, 300.00
100646720.00, 2497.50, 300.00
100654728.00, 2622.38, 300.00
100662736.00, 2497.50, 300.00
100670744.00, 2497.50, 300.00
100678752.00, 2498.75, 300.00
100686760.00, 2621.07, 300.00
100694768.00, 2622.38, 300.00
100702776.00, 2497.50, 300.00
100710784.00, 2621.07, 300.00
100718800.00, 2622.38, 300.00
100726800.00, 2497.50, 300.00
100734816.00, 2497.50, 300.00
100742816.00, 2622.38, 300.00
100750832.00, 2497.50, 300.00
100758840.00, 2496.26, 300.00
100766848.00, 2496.26, 300.00
100774856.00, 2498.75, 300.00
100782864.00, 2497.50, 300.00
100790880.00, 2496.26, 300.00
100798888.00, 2496.26, 300.00
100806904.00, 2619.76, 300.00
100814912.00, 2496.26, 300.00
100822920.00, 2623.69, 300.00
100830928.00, 2622.38, 300.00
100838928.00, 2623.69, 300.00
100846944.00, 2622.38, 300.00
100854944.00, 2623.69, 300.00
100862952.00, 2622.38, 300.00
100870960.00, 2623.69, 300.00
100878960.00, 2623.69, 300.00
100886968.00, 2622.38, 300.00
100894976.00, 2623.69, 300.00
100902976.00, 2623.69, 300.00
100910992.00, 2621.07, 300.00
100918992.00, 2622.38, 300.00
100927000.00, 2623.69, 300.00
100935008.00, 2623.69, 300.00
100943016.00, 2621.07, 300.00
100951024.00, 2497.50, 300.00
100959032.00, 2622.38, 300.00
100967040.00, 2496.26, 300.00
100975056.00, 2621.07, 300.00
100983072.00, 2496.26, 300.00
100991072.00, 2623.69, 300.00
100999072.00, 2498.75, 300.00
101007080.00, 2623.69, 300.00
101015088.00, 2622.38, 300.00
101023096.00, 2622.38, 300.00
101031104.00, 2622.38, 300.00
101039120.00, 2496.26, 300.00
101047144.00, 2615.84, 300.00
101055152.00, 2496.26, 300.00
101063168.00, 2497.50, 300.00
101071168.00, 2498.75, 300.00
101079184.00, 2496.26, 300.00
101087216.00, 2614.54, 300.00
101095224.00, 2496.26, 300.00
101103232.00, 2497.50, 300.00
101111240.00, 2497.50, 300.00
101119248.00, 2497.50, 300.00
101127256.00, 2622.38, 300.00
101135264.00, 2622.38, 300.00
101143280.00, 2496.26, 300.00
101151288.00, 2621.07, 300.00
101159320.00, 2739.04, 300.00
101167344.00, 2492.52, 300.00
101175352.00, 2747.25, 300.00
101183360.00, 2621.07, 300.00
101191376.00, 2622.38, 300.00
101199376.00, 2622.38, 300.00
101207392.00, 2622.38, 300.00
101215392.00, 2622.38, 300.00
101223400.00, 2623.69, 300.00
101231408.00, 2621.07, 300.00
101239424.00, 2622.38, 300.00
101247424.00, 2623.69, 300.00
101255432.00, 2497.50, 300.00
101263456.00, 2615.84, 300.00
101271472.00, 2497.50, 300.00
101279472.00, 2622.38, 300.00
101287488.00, 2496.26, 300.00
101295504.00, 2621.07, 300.00
101303504.00, 2497.50, 300.00
101311520.00, 2622.38, 300.00
101319520.00, 2498.75, 300.00
101327536.00, 2621.07, 300.00
101335536.00, 2623.69, 300.00
101343536.00, 2623.69, 300.00
101351552.00, 2621.07, 300.00
101359568.00, 2496.26, 300.00
101367592.00, 2615.84, 300.00
101375600.00, 2497.50, 300.00
101383608.00, 2497.50, 300.00
101391616.00, 2497.50, 300.00
101399616.00, 2623.69, 300.00
101407632.00, 2497.50, 300.00
101415632.00, 2498.75, 300.00
101423648.00, 2496.26, 300.00
101431648.00, 2622.38, 300.00
101439664.00, 2622.38, 300.00
101447664.00, 2497.50, 300.00
101455672.00, 2623.69, 300.00
101463680.00, 2622.38, 300.00
101471688.00, 2622.38, 300.00
101479696.00, 2747.25, 300.00
101487704.00, 2622.38, 300.00
101495712.00, 2621.07, 300.00
101503728.00, 2622.38, 300.00
101511728.00, 2623.69, 300.00
101519744.00, 2745.88, 300.00
101527744.00, 2622.38, 300.00
101535760.00, 2621.07, 300.00
101543768.00, 2622.38, 300.00
101551776.00, 2623.69, 300.00
101559776.00, 2497.50, 300.00
101567792.00, 2622.38, 300.00
101575792.00, 2497.50, 300.00
101583808.00, 2622.38, 300.00
101591808.00, 2498.75, 300.00
101599824.00, 2621.07, 300.00
101607824.00, 2497.50, 300.00
101615848.00, 2618.45, 300.00
101623856.00, 2497.50, 300.00
101631864.00, 2622.38, 300.00
101639872.00, 2622.38, 300.00
101647880.00, 2622.38, 300.00
101655888.00, 2498.75, 300.00
101663912.00, 2615.84, 300.00
101671920.00, 2496.26, 300.00
101679936.00, 2497.50, 300.00
101687936.00, 2622.38, 300.00
101695944.00, 2498.75, 300.00
101703952.00, 2497.50, 300.00
101711960.00, 2497.50, 300.00
101719968.00, 2497.50, 300.00
101727976.00, 2497.50, 300.00
101735984.00, 2497.50, 300.00
101743984.00, 2623.69, 300.00
101752000.00, 2621.07, 300.00
101760016.00, 2621.07, 300.00
101768016.00, 2623.69, 300.00
101776032.00, 2621.07, 300.00
101784032.00, 2623.69, 300.00
101792032.00, 2623.69, 300.00
101800048.00, 2622.38, 300.00
101808056.00, 2745.88, 300.00
101816064.00, 2622.38, 300.00
101824072.00, 2622.38, 300.00
101832080.00, 2622.38, 300.00
101840088.00, 2622.38, 300.00
101848096.00, 2622.38, 300.00
101856112.00, 2621.07, 300.00
101864112.00, 2623.69, 300.00
101872112.00, 2623.69, 300.00
101880128.00, 2621.07, 300.00
101888136.00, 2497.50, 300.00
101896144.00, 2623.69, 300.00
101904144.00, 2622.38, 300.00
101912160.00, 2497.50, 300.00
101920160.00, 2622.38, 300.00
101928176.00, 2496.26, 300.00
101936192.00, 2621.07, 300.00
101944192.00, 2623.69, 300.00
101952200.00, 2622.38, 300.00
101960208.00, 2622.38, 300.00
101968224.00, 2621.07, 300.00
101976224.00, 2497.50, 300.00
101984240.00, 2622.38, 300.00
101992240.00, 2498.75, 300.00
102000256.00, 2496.26, 300.00
102008288.00, 2614.54, 300.00
102016296.00, 2496.26, 300.00
102024304.00, 2498.75, 300.00
102032312.00, 2496.26, 300.00
102040320.00, 2497.50, 300.00
102048336.00, 2621.07, 300.00
102056336.00, 2498.75, 300.00
102064336.00, 2623.69, 300.00
102072352.00, 2621.07, 300.00
102080360.00, 2622.38, 300.00
102088368.00, 2622.38, 300.00
102096384.00, 2621.07, 300.00
102104392.00, 2745.88, 300.00
102112400.00, 2622.38, 300.00
102120416.00, 2621.07, 300.00
102128416.00, 2623.69, 300.00
102136416.00, 2623.69, 300.00
102144448.00, 2740.41, 300.00
102152480.00, 2615.84, 300.00
102160512.00, 2614.54, 300.00
102168512.00, 2497.50, 300.00
102176528.00, 2622.38, 300.00
102184528.00, 2622.38, 300.00
102192536.00, 2498.75, 300.00
102200544.00, 2622.38, 300.00
102208560.00, 2496.26, 300.00
102216560.00, 2623.69, 300.00
102224576.00, 2496.26, 300.00
102232576.00, 2622.38, 300.00
102240592.00, 2619.76, 300.00
102248608.00, 2497.50, 300.00
102256608.00, 2622.38, 300.00
102264624.00, 2622.38, 300.00
102272624.00, 2622.38, 300.00
102280640.00, 2621.07, 300.00
102288648.00, 2497.50, 300.00
102296656.00, 2497.50, 300.00
102304664.00, 2622.38, 300.00
102312672.00, 2497.50, 300.00
102320672.00, 2498.75, 300.00
102328704.00, 2617.15, 300.00
102336704.00, 2498.75, 300.00
102344720.00, 2495.01, 300.00
102352736.00, 2621.07, 300.00
102360736.00, 2497.50, 300.00
102368744.00, 2623.69, 300.00
102376752.00, 2621.07, 300.00
102384768.00, 2622.38, 300.00
102392768.00, 2622.38, 300.00
102400784.00, 2745.88, 300.00
102408792.00, 2622.38, 300.00
102416800.00, 2622.38, 300.00
102424800.00, 2623.69, 300.00
102432816.00, 2747.25, 300.00
102440816.00, 2622.38, 300.00
102448832.00, 2622.38, 300.00
102456832.00, 2623.69, 300.00
102464840.00, 2622.38, 300.00
102472848.00, 2622.38, 300.00
102480864.00, 2621.07, 300.00
102488872.00, 2621.07, 300.00
102496896.00, 2615.84, 300.00
102504912.00, 2497.50, 300.00
102512912.00, 2623.69, 300.00
102520920.00, 2497.50, 300.00
102528928.00, 2622.38, 300.00
102536936.00, 2497.50, 300.00
102544944.00, 2622.38, 300.00
102552952.00, 2497.50, 300.00
102560960.00, 2622.38, 300.00
102568976.00, 2621.07, 300.00
102576976.00, 2622.38, 300.00
102584992.00, 2497.50, 300.00
102592992.00, 2622.38, 300.00
102601008.00, 2497.50, 300.00
102609008.00, 2622.38, 300.00
102617024.00, 2496.26, 300.00
102625040.00, 2496.26, 300.00
102633040.00, 2498.75, 300.00
102641048.00, 2497.50, 300.00
102649056.00, 2497.50, 300.00
102657064.00, 2622.38, 300.00
102665072.00, 2496.26, 300.00
102673088.00, 2619.76, 300.00
102681104.00, 2622.38, 300.00
102689120.00, 2617.15, 300.00
102697136.00, 2622.38, 300.00
102705136.00, 2622.38, 300.00
102713152.00, 2622.38, 300.00
102721160.00, 2621.07, 300.00
102729168.00, 2621.07, 300.00
102737184.00, 2622.38, 300.00
102745192.00, 2621.07, 300.00
102753200.00, 2622.38, 300.00
102761200.00, 2748.63, 300.00
102769216.00, 2621.07, 300.00
102777224.00, 2622.38, 300.00
102785232.00, 2623.69, 300.00
102793240.00, 2621.07, 300.00
102801248.00, 2497.50, 300.00
102809248.00, 2623.69, 300.00
102817264.00, 2622.38, 300.00
102825264.00, 2497.50, 300.00
102833272.00, 2623.69, 300.00
102841280.00, 2622.38, 300.00
102849280.00, 2498.75, 300.00
102857296.00, 2622.38, 300.00
102865296.00, 2622.38, 300.00
102873312.00, 2621.07, 300.00
102881312.00, 2623.69, 300.00
102889328.00, 2621.07, 300.00
102897336.00, 2497.50, 300.00
102905344.00, 2621.07, 300.00
102913360.00, 2496.26, 300.00
102921368.00, 2622.38, 300.00
102929376.00, 2496.26, 300.00
102937408.00, 2617.15, 300.00
102945416.00, 2496.26, 300.00
102953424.00, 2496.26, 300.00
102961440.00, 2497.50, 300.00
102969440.00, 2622.38, 300.00
102977456.00, 2496.26, 300.00
102985464.00, 2622.38, 300.00
102993472.00, 2622.38, 300.00
103001504.00, 2614.54, 300.00
103009520.00, 2621.07, 300.00
103017528.00, 2621.07, 300.00
103025536.00, 2621.07, 300.00
103033552.00, 2622.38, 300.00
103041552.00, 2622.38, 300.00
103049568.00, 2622.38, 300.00
103057568.00, 2622.38, 300.00
103065584.00, 2747.25, 300.00
103073592.00, 2621.07, 300.00
103081600.00, 2621.07, 300.00
103089616.00, 2622.38, 300.00
103097624.00, 2621.07, 300.00
103105632.00, 2497.50, 300.00
103113632.00, 2623.69, 300.00
103121648.00, 2496.26, 300.00
103129656.00, 2622.38, 300.00
103137664.00, 2496.26, 300.00
103145680.00, 2622.38, 300.00
103153688.00, 2496.26, 300.00
103161696.00, 2621.07, 300.00
103169704.00, 2498.75, 300.00
103177712.00, 2621.07, 300.00
103185728.00, 2621.07, 300.00
103193736.00, 2622.38, 300.00
103201744.00, 2497.50, 300.00
103209744.00, 2623.69, 300.00
103217760.00, 2496.26, 300.00
103225760.00, 2498.75, 300.00
103233768.00, 2623.69, 300.00
103241776.00, 2497.50, 300.00
103249784.00, 2497.50, 300.00
103257792.00, 2496.26, 300.00
103265808.00, 2622.38, 300.00
103273808.00, 2497.50, 300.00
103281824.00, 2497.50, 300.00
103289848.00, 2615.84, 300.00
103297872.00, 2615.84, 300.00
103305888.00, 2497.50, 300.00
103313896.00, 2621.07, 300.00
103321904.00, 2747.25, 300.00
103329912.00, 2622.38, 300.00
103337920.00, 2622.38, 300.00
104341648.00, 2586.35, 0.00
104349664.00, 2622.38, 0.00
104357664.00, 2497.50, 0.00
104365680.00, 2622.38, 0.00
104373680.00, 2498.75, 0.00
104381696.00, 2371.44, 0.00
104389696.00, 2497.50, 0.00
104397704.00, 2248.88, 0.00
104405712.00, 2247.75, 0.00
104413720.00, 2247.75, 0.00
104421728.00, 2246.63, 0.00
104429744.00, 2121.82, 0.00
104437752.00, 2122.88, 0.00
104445760.00, 1999.00, 0.00
104453776.00, 1996.01, 0.00
104461776.00, 1873.13, 0.00
104469784.00, 1874.06, 0.00
104477792.00, 1873.13, 0.00
104485808.00, 1872.19, 0.00
104493808.00, 1748.25, 0.00
104501824.00, 1623.38, 0.00
104509824.00, 1623.38, 0.00
104517840.00, 1623.38, 0.00
104525840.00, 1498.50, 0.00
104533856.00, 1498.50, 0.00
104541864.00, 1497.75, 0.00
104549872.00, 1499.25, 0.00
104557880.00, 1372.94, 0.00
104565888.00, 1249.38, 0.00
104573888.00, 1373.63, 0.00
104581904.00, 1123.32, 0.00
104589920.00, 1248.13, 0.00
104597928.00, 1123.32, 0.00
104605936.00, 1123.88, 0.00
104613944.00, 999.00, 0.00
104621952.00, 1124.44, 0.00
104629952.00, 874.13, 0.00
104637960.00, 999.50, 0.00
104645968.00, 874.13, 0.00
104653976.00, 874.13, 0.00
104661984.00, 874.13, 0.00
104669984.00, 749.63, 0.00
104677992.00, 749.63, 0.00
104686000.00, 749.63, 0.00
104694000.00, 624.38, 0.00
104702016.00, 624.06, 0.00
104710024.00, 624.38, 0.00
104718032.00, 499.25, 0.00
104726048.00, 499.25, 0.00
104734064.00, 499.25, 0.00
104742072.00, 499.25, 0.00
104750088.00, 374.25, 0.00
104758096.00, 374.81, 0.00
104766096.00, 249.88, 0.00
104774104.00, 249.75, 0.00
104782112.00, 249.75, 0.00
104790112.00, 249.88, 0.00
104798128.00, 124.81, 0.00
104806136.00, 124.88, 0.00
104814144.00, 124.88, 0.00
104822144.00, 0.00, 0.00
104830152.00, 0.00, 0.00
104838160.00, 0.00, 0.00
104846176.00, 0.00, 0.00
104854176.00, 0.00, 0.00
104862192.00, 0.00, 0.00
104870200.00, -124.81, 0.00
104878208.00, 0.00, 0.00
104886208.00, -124.88, 0.00
104894224.00, 0.00, 0.00
104902224.00, 0.00, 0.00
104910232.00, -124.94, 0.00
104918240.00, 0.00, 0.00
104926248.00, 0.00, 0.00
104934256.00, 0.00, 0.00
104942272.00, -124.81, 0.00
104950272.00, 0.00, 0.00
104958288.00, 0.00, 0.00
104966288.00, 0.00, 0.00
104974296.00, 0.00, 0.00
104982304.00, 0.00, 0.00
104990304.00, 0.00, 0.00
104998312.00, 0.00, 0.00
105006320.00, 0.00, 0.00
105014320.00, 0.00, 0.00
105022328.00, 0.00, 0.00
105030336.00, 0.00, 0.00
105038344.00, 0.00, 0.00
105046352.00, 0.00, 0.00
105054352.00, 0.00, 0.00
105062368.00, 0.00, 0.00
105070368.00, 0.00, 0.00
105078376.00, 0.00, 0.00
105086384.00, 0.00, 0.00
